   Crop        1       2       3       4       5       6       7       8       9      10      11      12      13      14      15      16      17      18      19      20      21      22      23      24      25      26      27      28      29      30      31      32      33      34      35      36      37      38      39      40      41      42      43      44      45      46      47      48      49      50      51      52      53      54      55      56
   #  NAME     WA      HI     TOP     TBS    DMLA    DLAI   DLAP1   DLAP2    RLAD    RBMD     ALT     GSI     CAF     SDW     HMX    RDMX    WAC2     CNY     CPY     CKY    WSYF     PST    COSD    PRYG    PRYF     WCY     BN1     BN2     BN3     BP1     BP2     BP3     BK1     BK2     BK3     BW1     BW2     BW3     IDC   FRST1   FRST2    WAVP    VPTH    VPD2   RWPC1   RWPC2    GMHU   PPLP1   PPLP2    STX1    STX2    BLG1    BLG2     WUB     FTO     FLT
    1 SOYB  25.000    .300  25.000  10.000   5.000    .900  15.050  50.950    .100   1.000   3.000  0.0070    .850  35.000    .800   2.000 660.338  0.0699  0.0077  0.0196    .233    .600    .628 220.000 100.000    .130  0.0524  0.0265  0.0258  0.0074  0.0037  0.0035  0.0120  0.0100  0.0090  1.2660  0.6330  0.7290   1.000   5.150  15.950   5.000    .500   4.750    .400    .200 100.000  30.430  50.710    .200   5.000    .010    .100    .000    .000    .000    Soybeans
    2 CORN  43.000    .500  25.000   8.000   6.000    .800  15.150  50.950   1.000    .100   3.000  0.0070    .850  20.000   2.000   2.000 660.449  0.0175  0.0025  0.0032    .400    .600   3.445  98.421  80.220    .150  0.0440  0.0164  0.0128  0.0062  0.0023  0.0018  0.0150  0.0120  0.0090  0.4330  0.4330  0.2130   4.000   5.150  15.950   8.000    .500   4.750    .400    .200 100.000   4.470   7.770    .120   1.700    .010    .100    .000    .000    .000    Corn
    3 GRSG  31.000    .550  27.500  10.000   5.500    .700  15.010  60.950    .500    .500   2.000  0.0070    .850   5.000   1.400   1.700 660.357  0.0199  0.0032  0.0039    .050    .600   3.662  92.830  75.000    .130  0.0400  0.0164  0.0128  0.0060  0.0022  0.0018  0.0270  0.0180  0.0130  0.6570  0.6570  0.3200   4.000   5.150  15.950   9.000    .500   4.750    .400    .200 100.000   3.200  10.900    .200   4.800    .010    .100    .000    .000    .000    Grain Sorghum
    4 COTS  20.000    .550  27.500  12.500   6.000    .950  15.050  50.950    .500    .500   3.000  0.0200    .850  25.000   1.000   2.200 660.203  0.0140  0.0020  0.0140    .450    .600   2.822 1212.54 137.696    .010  0.0580  0.0190  0.0177  0.0081  0.0027  0.0025  0.0300  0.0220  0.0150  1.1380  0.6030  0.3320   9.000   5.150  15.950   3.000   1.000   4.300    .400    .100 100.000   3.200  10.900    .052   7.700    .010    .100    .000    .270    .380    Cotton Stripper
    5 COTP  24.000    .450  27.500  12.500   6.000    .950  15.150  50.950    .500    .500   3.000  0.0200    .850  25.000   1.000   2.200 660.203  0.0190  0.0029  0.0140    .050    .600   2.822 1212.54 137.696    .010  0.0580  0.0190  0.0177  0.0081  0.0027  0.0025  0.0300  0.0220  0.0150  1.1380  0.6030  0.3320   9.000   5.150  15.950   3.000   1.000   4.300    .400    .100 100.000   3.200  10.900    .052   7.700    .010    .100    .000    .380    .380    Cotton Picker
    6 PNUT  30.000    .000  25.000   9.000   5.000    .850  15.010  50.950   1.000    .500   4.000  0.0100    .850  30.000    .500   2.000 660.250  0.0650  0.0090  0.0060    .300    .600   1.801 353.000 551.000    .060  0.0329  0.0167  0.0162  0.0039  0.0020  0.0019  0.0300  0.0200  0.0090  1.2660  0.6330  0.7290   1.000   5.150  15.950   4.000    .500   4.750    .400    .600 100.000   3.100  10.900    .286   3.200    .010    .100    .000    .000    .000    Peanuts
    7 SUNF  49.000    .300  25.000   6.000   5.000    .550  15.010  50.950   1.000   2.000   3.000  0.0070    .850   8.000   2.500   2.200 660.660  0.0287  0.0056  0.0071    .270    .600   8.710 298.000   5.000    .060  0.0500  0.0230  0.0146  0.0063  0.0029  0.0023  0.0290  0.0200  0.0100  3.3900  3.3900  1.6100   4.000   5.150  15.950   7.000    .500   4.750    .400    .200 100.000   2.630   6.990    .050   7.700    .010    .100    .000    .000    .000    Sunflowers
    8 CSUN  60.000    .250  25.000   6.000   5.000    .550  15.010  50.950   1.000   2.000   3.000  0.0070    .850   8.000   2.500   2.200 660.810  0.0287  0.0056  0.0071    .220    .600   8.710 298.000   5.000    .060  0.0500  0.0230  0.0146  0.0063  0.0029  0.0023  0.0290  0.0200  0.0100  3.3900  3.3900  1.6100   4.000   5.150  15.950   7.000    .500   4.750    .400    .200 100.000   2.630   6.990    .050   7.700    .010    .100    .000    .000    .000    Canadian Sunflowers
    9 FALW    .010    .400  15.000    .000    .000    .550  15.010  50.950   1.000   1.000   3.000  0.0130    .850    .010   2.000   2.200 660.020  0.0280  0.0060  0.0070    .300    .600   4.410 190.000   5.000    .060  0.0500  0.0230  0.0150  0.0060  0.0030  0.0020  0.0290  0.0200  0.0100  1.1380  0.6030  0.3320   4.000   5.150  15.950   7.000    .500   4.750    .400    .200    .000   1.100   4.900    .052   7.700    .010    .100    .000    .000    .000    Fallow
   10 WWHT  35.000    .450  15.000    .000   6.000    .600  15.010  50.950   1.000   1.000   2.000  0.0070    .850  90.000   1.000   2.000 660.473  0.0249  0.0033  0.0042    .210    .600    .259 146.975  20.000    .120  0.0600  0.0230  0.0134  0.0084  0.0032  0.0019  0.0230  0.0200  0.0170  3.3900  3.3900  1.6100   5.000   5.010  15.100   6.000    .500   4.750    .400    .200 100.000 125.600 250.950    .071   6.000    .010    .100    .000    .000    .000    Winter Wheat
   11 SWHT  30.000    .420  15.000    .000   5.000    .600  20.100  49.950   1.000   1.000   2.000  0.0070    .850  90.000   1.000   1.300 660.410  0.0303  0.0038  0.0039    .210    .600    .224 138.000  20.000    .120  0.0663  0.0250  0.0148  0.0084  0.0032  0.0019  0.0230  0.0200  0.0170  3.3900  3.3900  1.6100   5.000   5.010  15.100   6.000    .500   4.750    .400    .200 100.000 125.600 250.950    .070   6.000    .010    .100    .000    .000    .000    Spring Wheat
   12 CSWH  35.000    .420  15.000    .000   5.000    .600  15.010  45.950   1.000   1.000   2.000  0.0070    .850  90.000   1.000   2.000 660.470  0.0303  0.0038  0.0039    .210    .600    .259 138.000  20.000    .120  0.0663  0.0250  0.0148  0.0084  0.0032  0.0019  0.0230  0.0200  0.0170  3.3900  3.3900  1.6100   5.000   5.010  15.100   8.000    .500   4.750    .400    .200 100.000 125.600 250.950    .070   6.000    .010    .100    .000    .000    .000    Canadian Spring Wheat
   13 DWHT  30.000    .400  15.000    .000   5.000    .600  15.010  50.950   1.000   1.000   2.000  0.0070    .850  90.000   1.000   2.000 660.410  0.0263  0.0057  0.0048    .200    .600    .259 127.000  20.000    .120  0.0518  0.0199  0.0116  0.0089  0.0034  0.0020  0.0230  0.0200  0.0170  3.3900  3.3900  1.6100   5.000   5.010  15.100   7.000    .500   4.750    .400    .200 100.000 125.600 250.950    .070   6.000    .010    .100    .000    .000    .000    Duram Wheat
   14 BARL  30.000    .400  15.000    .000   6.000    .800  15.010  50.950   1.000   1.000   2.000  0.0060    .850  90.000   1.000   2.000 660.450  0.0236  0.0029  0.0060    .210    .600    .266 129.000  20.000    .120  0.0590  0.0220  0.0131  0.0057  0.0022  0.0013  0.0160  0.0160  0.0150  3.3900  3.3900  1.6100   5.000   5.010  15.100   7.000    .500   4.750    .400    .200 100.000 125.600 250.950    .050   8.000    .010    .100    .000    .000    .000    Barley
   15 CBAR  35.000    .420  15.000    .000   3.500    .600  20.100  49.950   1.000   1.000   2.000  0.0070    .850  90.000   1.200   2.000 660.470  0.0236  0.0029  0.0050    .210    .600    .266 129.000  20.000    .120  0.0590  0.0220  0.0131  0.0057  0.0022  0.0013  0.0160  0.0160  0.0150  3.3900  3.3900  1.6100   5.000   5.010  15.100   8.000    .500   4.750    .400    .200 100.000 125.600 250.950    .050   8.000    .010    .100    .000    .000    .000    Canadian Barley
   16 OATS  35.000    .420  15.000    .000   6.000    .800  15.010  50.950   1.000   1.000   2.000  0.0070    .850  90.000   1.000   2.000 660.470  0.0316  0.0057  0.0047    .210    .600    .031 103.000  20.000    .100  0.0580  0.0224  0.0130  0.0053  0.0020  0.0012  0.0280  0.0200  0.0120  3.3900  3.3900  1.6100   5.000   5.010  15.100   7.000    .500   4.750    .400    .200 100.000 125.600 250.950    .070   8.000    .010    .100    .000    .000    .000    Oats
   17 COAT  35.000    .420  15.000    .000   5.000    .600  15.010  45.950   1.000   1.000   2.000  0.0070    .850  90.000   1.200   2.000 660.470  0.0316  0.0057  0.0047    .210    .600    .031 103.000  20.000    .100  0.0580  0.0224  0.0130  0.0053  0.0020  0.0012  0.0280  0.0200  0.0120  3.3900  3.3900  1.6100   5.000   5.010  15.100   8.000    .500   4.750    .400    .200 100.000 125.600 250.950    .070   8.000    .010    .100    .000    .000    .000    Canadian Oats
   18 RICE  25.000    .500  25.000  10.000   6.000    .800  30.010  70.950    .500    .500   3.000  0.0080   1.000  50.000    .800    .900 660.338  0.0136  0.0013  0.0013    .250    .600    .845 144.000  20.000    .140  0.0500  0.0200  0.0100  0.0060  0.0030  0.0018  0.0250  0.0150  0.0080  3.3900  3.3900  1.6100   4.000   5.050  15.950   5.000    .500   4.750    .400    .200 100.000 125.600 250.950    .122   3.000    .010    .100    .000    .000    .000    Rice
   19  RYE  35.000    .400  12.500    .000   6.000    .800  15.010  50.950   1.000   1.000   2.000  0.0060    .850  90.000   1.000   2.000 660.470  0.0284  0.0042  0.0030    .200    .600   2.382  98.044  75.000    .120  0.0560  0.0215  0.0125  0.0066  0.0025  0.0015  0.0180  0.0150  0.0120  3.3900  3.3900  1.6100   5.000   5.010  15.100   7.000    .500   4.750    .400    .200 100.000 125.600 250.950    .080   5.600    .010    .100    .000    .000    .000    Rye
   20 WPEA  20.000    .550  14.000   1.000   4.000    .900  15.020  50.950   1.000    .500   2.000  0.0100    .850 140.000    .800   2.000 660.270  0.0412  0.0055  0.0114    .380    .600    .694  24.000  75.000    .120  0.0400  0.0260  0.0232  0.0070  0.0040  0.0030  0.0140  0.0130  0.0120  3.3900  3.3900  1.6100   2.000   5.010  15.100   4.000    .500   4.750    .400    .200 100.000  20.200 100.900    .100   2.500    .010    .100    .000    .000    .000    Winter Peas
   21 LEN1  20.000    .550  14.000   1.000   5.000    .900  15.020  50.950   1.000    .500   3.000  0.0100    .900 100.000    .550   2.000 660.270  0.0506  0.0051  0.0102    .385    .600  22.403 100.000   5.000    .120  0.0440  0.0164  0.0128  0.0074  0.0037  0.0023  0.0140  0.0130  0.0120  1.2660  0.6330  0.7290   1.000   5.010  15.100   4.000    .500   4.750    .400    .200 100.000  20.200 100.900    .100   2.500    .010    .100    .000    .000    .000    Lentils1
   22 LENT  20.000    .550  14.000   1.000   4.000    .900  15.020  50.950   1.000    .500   3.000  0.0100    .900 100.000    .550   2.000 660.270  0.0506  0.0051  0.0102    .380    .600  22.403 100.000   5.000    .120  0.0440  0.0164  0.0128  0.0074  0.0037  0.0023  0.0140  0.0130  0.0120  1.2660  0.6330  0.7290   2.000   5.010  15.100   4.000    .500   4.750    .400    .200 100.000  20.200 100.900    .100   2.500    .010    .100    .000    .000    .000    Lentils
   23 CANA  34.000    .300  21.000   5.000   4.500    .490  15.020  45.950    .200    .300   3.000  0.0078    .900 100.000   1.300   1.400 660.460  0.0360  0.0084  0.0380    .210    .600  10.753 330.000   5.000    .120  0.0440  0.0164  0.0128  0.0074  0.0037  0.0023  0.0440  0.0160  0.0130  1.2660  0.6330  0.7290   4.000   5.050  15.100  10.000    .500   4.750    .400    .200 100.000  20.200 100.900    .100   2.500    .010    .100    .000    .000    .000    Canola Argentine
   24 CANP  34.000    .230  21.000   5.000   3.500    .500  15.020  45.950    .200    .300   3.000  0.0078    .900 100.000    .900    .900 660.460  0.0360  0.0084  0.0380    .160    .600  10.753 147.735   5.000    .120  0.0440  0.0182  0.0164  0.0073  0.0037  0.0023  0.0440  0.0160  0.0130  1.2660  0.6330  0.7290   4.000   5.050  15.100  10.000    .500   4.750    .400    .200 100.000  20.200 100.900    .100   2.500    .010    .100    .000    .000    .000    Canola Polish
   25 FLAX  25.000    .540  22.500   5.000   2.500    .900  15.020  50.950   1.000    .500   3.000  0.0078    .900 100.000    .550   2.000 660.340  0.0409  0.0055  0.0084    .270    .600    .311 143.325   5.000    .120  0.0482  0.0294  0.0263  0.0049  0.0024  0.0023  0.0200  0.0130  0.0070  1.2660  0.6330  0.7290   2.000   5.050  15.100  10.000   1.000   4.750    .400    .200 100.000  20.200 100.900    .100   2.500    .010    .100    .000    .000    .000    Flax
   26 FPEA  25.000    .450  15.000   1.000   5.000    .750  15.010  50.950   2.000   2.000   2.000  0.0070    .850  35.000   1.200   2.000 660.340  0.0412  0.0055  0.0114    .340    .600    .739  24.000   5.000    .120  0.0515  0.0335  0.0296  0.0033  0.0019  0.0014  0.0140  0.0130  0.0120  3.3900  3.3900  1.6100   2.000   5.010  15.100  10.000   1.000   4.750    .400    .200 100.000  20.200 100.900    .100   2.500    .010    .100    .000    .000    .000    Field Peas
   27 MUNG  25.000    .310  25.000  10.000   5.000    .900  15.010  50.950   2.000  10.000   3.000  0.0078    .850  35.000   1.500   2.000 660.340  0.0420  0.0040  0.0137    .230    .600    .739 370.000   5.000    .130  0.0326  0.0165  0.0161  0.0044  0.0022  0.0021  0.0140  0.0130  0.0120  1.2660  0.6330  0.7290   1.000   5.050  15.950  10.000   1.000   4.750    .400    .200 100.000  20.200 100.900    .100   2.500    .010    .100    .000    .000    .000    Summer Mung
   28 SESB  50.000    .310  25.000  10.000   5.000    .900  15.010  50.950   2.000  10.000   3.000  0.0078    .850  35.000   1.500   2.000 660.670  0.0419  0.0039  0.0110    .230    .600    .739 370.000   5.000    .130  0.0500  0.0200  0.0150  0.0074  0.0037  0.0035  0.0140  0.0140  0.0130  1.2660  0.6330  0.7290   1.000   5.050  15.950  10.000   1.000   4.750    .400    .200 100.000  20.200 100.900    .100   2.500    .010    .100    .000    .000    .000    Sesbania
   29 CSIL  39.000    .500  25.000  10.000   6.000    .800  15.050  50.950   1.000   1.000   3.000  0.0070    .850  20.000   2.000   2.000 660.450  0.0168  0.0023  0.0032    .250    .600   3.445    .000  31.500    .150  0.0440  0.0160  0.0128  0.0062  0.0023  0.0018  0.0150  0.0120  0.0090  1.2660  0.6330  0.7290   4.000   5.010  15.950   8.000    .500   4.750    .400    .200 100.000   4.470   7.770    .120   1.700    .010    .100    .000    .000    .000    Corn Silage
   30 SGHY  35.000    .500  27.500  10.000   5.000    .800  15.010  50.950    .500    .500   2.000  0.0070    .850  90.000   2.000   2.000 660.400  0.0199  0.0032  0.0039    .450    .600   3.662    .000  33.080    .130  0.0440  0.0164  0.0128  0.0060  0.0022  0.0018  0.1500  0.1500  0.1500  3.3900  3.3900  0.3200   4.000   5.050  15.950   7.000    .500   4.750    .400    .200 100.000   5.430  15.790    .200   4.800    .010    .100    .000    .000    .000    Sorghum Hay
   31 ALFA  20.000    .020  25.000   1.000   5.000    .900  15.010  50.950    .500    .500   3.000  0.0100    .850  15.000   1.250   2.000 660.270  0.0601  0.0066  0.0074    .010    .600   3.638 132.000 172.860    .120  0.0500  0.0283  0.0240  0.0071  0.0024  0.0019  0.0231  0.0189  0.0178  3.3900  3.3900  3.3900   3.000   5.010  15.100   4.000    .500   4.750    .400    .200 100.000  22.500  40.710    .070   2.000    .010    .100    .000    .000    .000    Alfalfa
   32 CLVA  25.000    .020  25.000   1.000   5.000    .750  15.010  50.950   2.000  10.000   2.000  0.0070    .990  35.000   1.200   2.000 660.340  0.0567  0.0040  0.0180    .010    .600   2.128  24.000   5.000    .080  0.0600  0.0280  0.0240  0.0060  0.0030  0.0025  0.0220  0.0200  0.0180  3.3900  3.3900  3.3900   2.000   5.010  15.100  10.000   1.000   4.750    .400    .200 100.000  22.500  40.710    .120   1.500    .010    .100    .000    .000    .000    Clover Alsike
   33 CLVR  25.000    .020  25.000   1.000   5.000    .750  15.010  50.950   2.000  10.000   2.000  0.0070    .850  35.000   1.200   2.000 660.340  0.0597  0.0040  0.0180    .010    .600   3.153  24.000   5.000    .120  0.0650  0.0280  0.0243  0.0060  0.0029  0.0024  0.0220  0.0200  0.0180  3.3900  3.3900  3.3900   2.000   5.010  15.100  10.000   1.000   4.750    .400    .200 100.000  22.500  40.710    .120   1.500    .010    .100    .000    .000    .000    Red Clover
   34 CLVS  25.000    .020  25.000   1.000   5.000    .750  15.010  50.950   2.000  10.000   2.000  0.0070    .750  35.000   1.200   2.000 660.340  0.0649  0.0040  0.0180    .010    .600   2.128  24.000   5.000    .080  0.0650  0.0242  0.0200  0.0060  0.0029  0.0024  0.0300  0.0230  0.0180  3.3900  3.3900  3.3900   2.000   5.010  15.100  10.000   1.000   4.750    .400    .200 100.000  22.500  40.710    .120   1.500    .010    .100    .000    .000    .000    Sweet Clover
   35 TIMO  35.000    .020  25.000   8.000  11.000    .850  15.010  50.950   2.000   1.000   2.000  0.0070    .850   5.000    .800   2.000 660.470  0.0234  0.0033  0.0150    .010    .600   2.536  20.000  72.765    .100  0.0314  0.0130  0.0103  0.0038  0.0025  0.0019  0.0180  0.0160  0.0150  3.3900  3.3900  3.3900   6.000   5.050  15.950   8.000    .500   4.750    .400    .200 100.000  22.500  40.710    .090   2.000    .010    .100    .000    .000    .000    Timothy
   36 RNGE  30.000    .020  20.000   8.000   4.500    .990  15.400  35.950    .500    .500   4.000  0.0070    .850   5.000   1.300   1.500 660.410  0.0150  0.0016  0.0120    .010    .600    .694  20.000   5.000    .100  0.0193  0.0110  0.0083  0.0028  0.0016  0.0012  0.0210  0.0120  0.0090  3.3900  3.3900  3.3900   6.000     1.9    3.99   6.000    .500   4.750    .400    .200 100.000  22.500  40.710    .090   2.000    .010    .100    .000    .000    .000    Range
   37 SPAS  35.000    .020  25.000   8.000   5.000    .990  15.010  50.950   1.000   1.000   2.000  0.0070    .850   5.000   1.000   2.000 660.400  0.0150  0.0021  0.0157    .010    .600    .694  20.000   5.000    .100  0.0222  0.0127  0.0095  0.0037  0.0021  0.0016  0.0275  0.0157  0.0118  3.3900  3.3900  3.3900   6.000   5.050  15.950   7.000    .500   4.750    .400    .200 100.000  22.500  40.710    .040   2.800    .010    .100    .000    .000    .000    Summer Pasture
   38 WPAS  35.000    .020  18.000   3.000   5.000    .700  15.050  50.950   1.000   1.000   2.000  0.0070    .850   5.000   1.000   2.000 660.470  0.0150  0.0018  0.0111    .010    .600    .403 120.000   5.000    .100  0.0276  0.0155  0.0110  0.0031  0.0018  0.0013  0.0122  0.0111  0.0083  3.3900  3.3900  1.6100   6.000   5.010  15.100   6.000    .500   4.750    .400    .200 100.000  22.500  40.710    .050   3.900    .010    .100    .000    .000    .000    Winter Pasture
   39 RYEA  30.000    .020  15.000    .000   3.000    .800  35.010  62.950   1.000   1.000   2.000  0.0070    .750  90.000   1.100   1.300 660.410  0.0230  0.0037  0.0060    .010    .600    .403 120.000   5.000    .100  0.0250  0.0180  0.0140  0.0040  0.0030  0.0024  0.0180  0.0150  0.0120  3.3900  3.3900  1.6100   6.000   5.010  15.100   8.000    .500   4.750    .400    .200 100.000  22.500  40.710    .070   6.000    .010    .100    .000    .000    .000    Altal Wild Rye
   40 RYER  30.000    .020  15.000    .000   3.000    .800  35.010  62.950   1.000   1.000   2.000  0.0070    .750  90.000   1.000   1.300 660.410  0.0230  0.0037  0.0060    .010    .600    .403 120.000   5.000    .100  0.0250  0.0180  0.0140  0.0040  0.0030  0.0024  0.0180  0.0150  0.0120  3.3900  3.3900  1.6100   6.000   5.010  15.100   8.000    .500   4.750    .400    .200 100.000  22.500  40.710    .070   6.000    .010    .100    .000    .000    .000    Russian Wild Rye
   41 RYEG  30.000    .020  18.000    .000   5.000    .500  20.320  45.950    .500   1.000   2.000  0.0070    .850  90.000    .800   1.300 660.410  0.0220  0.0028  0.0060    .010    .600   1.334 120.000   5.000    .100  0.0660  0.0250  0.0147  0.0105  0.0040  0.0024  0.0230  0.0150  0.0110  3.3900  3.3900  1.6100   5.000   5.010  15.100   6.000    .500   4.750    .400    .200 100.000  22.500  40.710    .070   6.000    .010    .100    .000    .000    .000    Annual Rye Grass
   42 WWGR  35.000    .020  25.000   8.000   5.000    .850  50.010  89.950   2.000   1.000   4.000  0.0070    .850   5.000    .600   1.300 660.470  0.0151  0.0024  0.0111    .010    .600    .694  20.000   5.000    .100  0.0276  0.0155  0.0110  0.0031  0.0018  0.0013  0.0230  0.0230  0.0230  3.3900  3.3900  3.3900   6.000   5.010  15.950   8.000    .500   4.750    .400    .200 100.000  22.500  40.710    .070   6.000    .010    .100    .000    .000    .000    Western Wheat Grass
   43 NWGR  35.000    .020  25.000   8.000   5.000    .850  15.010  50.950   2.000   1.000   4.000  0.0070    .850   5.000    .800   2.000 660.470  0.0150  0.0018  0.0111    .010    .600    .694  20.000   5.000    .100  0.0276  0.0155  0.0110  0.0031  0.0018  0.0013  0.0230  0.0230  0.0230  3.3900  3.3900  3.3900   6.000   5.010  15.950   8.000    .500   4.750    .400    .200 100.000  22.500  40.710    .070   6.000    .010    .100    .000    .000    .000    Northern Wheat Grass
   44 SWGR  35.000    .020  25.000   8.000   5.000    .850  15.010  50.950   2.000   1.000   4.000  0.0070    .850   5.000    .700   2.000 660.470  0.0142  0.0027  0.0111    .010    .600    .694  20.000   5.000    .100  0.0276  0.0155  0.0110  0.0031  0.0018  0.0013  0.0270  0.0270  0.0270  3.3900  3.3900  3.3900   6.000   5.010  15.950   8.000    .500   4.750    .400    .200 100.000  22.500  40.710    .070   6.000    .010    .100    .000    .000    .000    Slender Wheat Grass
   45 CWGR  35.000    .020  25.000   6.000   5.000    .850  35.010  62.950   2.000   1.000   4.000  0.0070    .850   5.000    .700   1.300 660.470  0.0163  0.0018  0.0111    .010    .600    .694  20.000   5.000    .100  0.0276  0.0155  0.0110  0.0031  0.0018  0.0013  0.0230  0.0230  0.0230  3.3900  3.3900  3.3900   6.000   5.010  15.950   8.000    .500   4.750    .400    .200 100.000  22.500  40.710    .070   6.000    .010    .100    .000    .000    .000    Crested Wheat Grass
   46 BROM  35.000    .020  25.000   6.000   3.000    .850  45.010  80.950   2.000   1.000   4.000  0.0070    .750   5.000    .800   1.300 660.470  0.0150  0.0022  0.0222    .010    .600   5.444  20.000   5.000    .100  0.0267  0.0142  0.0107  0.0036  0.0022  0.0017  0.0220  0.0240  0.0270  3.3900  3.3900  3.3900   6.000   5.010  15.950   8.000    .500   4.750    .400    .200 100.000  22.500  40.710    .090   2.000    .010    .100    .000    .000    .000    Brome Grass
   47 BROS  35.000    .020  25.000   8.000   5.000    .850  15.010  50.950   2.000   1.000   4.000  0.0070    .850   5.000    .800   2.000 660.470  0.0184  0.0021  0.0222    .010    .600   5.444  20.000   5.000    .100  0.0267  0.0142  0.0107  0.0036  0.0022  0.0017  0.0210  0.0230  0.0270  3.3900  3.3900  3.3900   6.000   5.010  15.950   8.000    .500   4.750    .400    .200 100.000  22.500  40.710    .090   2.000    .010    .100    .000    .000    .000    Smooth Brome Grass
   48 CWPS  35.000    .020  15.000    .000   8.000    .800  15.010  50.950   1.000   1.000   2.000  0.0070    .850  90.000   1.200   2.000 660.470  0.0150  0.0018  0.0111    .010    .600    .403 120.000   5.000    .100  0.0276  0.0155  0.0110  0.0031  0.0018  0.0013  0.0220  0.0220  0.0220  3.3900  3.3900  3.3900   6.000   5.010  15.100   8.000    .500   4.750    .400    .200 100.000  22.500  40.710    .100   2.500    .010    .100    .000    .000    .000    Canadian Winter Pasture
   49 BERM  35.000    .020  25.000  12.000   5.000    .990  15.050  50.950   1.000   1.000   2.000  0.0070    .850   5.000   1.000   2.000 660.400  0.0127  0.0021  0.0157    .010    .600    .403  20.000  72.765    .100  0.0222  0.0127  0.0095  0.0037  0.0021  0.0016  0.0180  0.0170  0.0160  3.3900  3.3900  3.3900   6.000   5.010  15.950   7.000    .500   4.750    .400    .200 100.000  22.500  40.710    .060   6.900    .010    .100    .000    .000    .000    Coastal Bermuda
   50 WWGO  35.000    .450  15.000    .000   6.000    .600  15.010  50.950   1.000   1.000   2.000  0.0070    .850  90.000   1.000   2.000 660.473  0.0249  0.0033  0.0042    .210    .600    .259 115.000  20.000    .120  0.0600  0.0230  0.0134  0.0084  0.0032  0.0019  0.0230  0.0200  0.0170  3.3900  3.3900  1.6100   5.000   5.010  15.100   6.000    .500   4.750    .400    .200 100.000 125.600 250.950    .071   6.000    .010    .100    .000    .000    .000    Winter Wheat
   51 POTA  30.000    .950  20.000   7.000   5.000    .600  15.010  50.950   2.000  10.000   3.000  0.0070    .850 200.000   1.200   2.000 660.410  0.0176  0.0022  0.0255    .950    .600    .230 485.000 266.805    .800  0.0350  0.0200  0.0120  0.0060  0.0025  0.0019  0.1100  0.0350  0.0250  1.2660  0.6330  0.7290   5.000   5.010  15.950  10.000   1.000   4.750    .400    .600 100.000   4.470   7.770    .120   1.700    .010    .100    .000    .000    .000    Potatoes
   52 ASPR  90.000    .800  35.000  10.000   4.200   1.000  25.230  40.860    .100    .100   3.000  0.0100    .850  35.000   1.200   1.500 661.220  0.0632  0.0067  0.0390    .800    .600   5.601 120.000   5.000    .920  0.0700  0.0600  0.0550  0.0060  0.0040  0.0030  0.0400  0.0350  0.0300  1.2660  0.6330  0.7290   5.000   5.010  15.950   5.000   1.000   4.750    .400    .200 100.000  20.200 100.900    .120   1.700    .010    .100    .000    .000    .000    Asparagus
   53 BROC  26.000    .800  24.000   4.000   4.200   1.000  25.230  40.860    .100    .100   3.000  0.0100    .850  35.000   1.200    .700 660.350  0.0512  0.0071  0.0349    .800    .600 1155.92 120.000   5.000    .910  0.0700  0.0500  0.0400  0.0060  0.0040  0.0030  0.0500  0.0500  0.0500  1.2660  0.6330  0.7290   5.000   5.010  15.950   5.000   1.000   4.750    .400    .200 100.000  10.200  50.900    .120   1.700    .010    .100    .000    .000    .000    Broccoli
   54 CABG  19.000    .800  24.000   4.000   3.000   1.000  25.230  40.860    .100    .100   3.000  0.0100    .850  35.000   1.200    .700 660.260  0.0259  0.0031  0.0329    .800    .600  77.805 420.000   5.000    .930  0.0700  0.0300  0.0200  0.0060  0.0035  0.0020  0.0400  0.0400  0.0400  1.2660  0.6330  0.7290   5.000   5.010  15.950   5.000   1.000   4.750    .400    .200 100.000  10.200  50.900    .120   1.700    .010    .100    .000    .000    .000    Cabbage
   55 CAUF  21.000    .800  24.000   7.000   2.500   1.000  25.230  40.860    .100    .100   3.000  0.0100    .850  35.000   1.200    .700 660.280  0.0411  0.0059  0.0459    .800    .600 755.803 120.000   5.000    .920  0.0700  0.0400  0.0300  0.0060  0.0035  0.0020  0.0400  0.0400  0.0400  1.2660  0.6330  0.7290   5.000   5.010  15.950   5.000   1.000   4.750    .400    .200 100.000  10.200  50.900    .120   1.700    .010    .100    .000    .000    .000    Cauliflower
   56 CELR  27.000    .800  24.000   7.000   2.500   1.000  25.230  40.860    .100    .100   3.000  0.0100    .850  35.000   1.200    .700 660.360  0.0200  0.0049  0.0536    .800    .600 195.128 120.000   5.000    .950  0.0500  0.0200  0.0100  0.0070  0.0050  0.0040  0.0500  0.0500  0.0500  1.2660  0.6330  0.7290   5.000   5.010  15.950   5.000   1.000   4.750    .400    .200 100.000  10.200  50.900    .120   1.700    .010    .100    .000    .000    .000    Celery
   57 LETT  23.000    .800  18.200    .000   4.200   1.000  25.230  40.860    .100    .500   2.000  0.0122    .860   2.500    .200    .800 660.310  0.0394  0.0049  0.0384    .800    .600 148.195 4500.00   5.000    .960  0.0500  0.0250  0.0210  0.0084  0.0032  0.0019  0.0400  0.0400  0.0400  1.2660  0.6330  0.7290   5.000   5.010  15.100   8.000    .500   4.300    .400    .200 100.000  10.200  50.900    .120   1.700    .010    .100    .000    .000    .000    Lettuce
   58 OLET  19.000    .800  18.200    .000   4.200   1.000  25.230  40.860    .100    .500   2.000  0.0122    .860   2.500    .200    .800 660.260  0.0347  0.0042  0.0440    .800    .600 136.097 4500.00   5.000    .940  0.0500  0.0250  0.0210  0.0084  0.0032  0.0019  0.0440  0.0440  0.0440  1.2660  0.6330  0.7290   5.000   5.010  15.100   8.000    .500   4.300    .400    .200 100.000  10.200  50.900    .120   1.700    .010    .100    .000    .000    .000    Lettuce Leaf
   59 SPIN  30.000    .950  24.000   4.000   4.200    .950  10.050  90.950    .100    .100   3.000  0.0100    .850  35.000   1.200    .700 660.410  0.0544  0.0058  0.0663    .950    .600  35.844 120.000   5.000    .920  0.0700  0.0400  0.0300  0.0050  0.0040  0.0035  0.0660  0.0660  0.0660  1.2660  0.6330  0.7290   5.000   5.010  15.950   5.000   1.000   4.750    .400    .200 100.000  10.200  50.900    .120   1.700    .010    .100    .000    .000    .000    Spinach
   60 CRRT  30.000   1.120  24.000   7.000   3.500    .600  15.010  50.950   2.000  10.000   3.000  0.0070    .850  35.000    .300   1.100 660.410  0.0135  0.0036  0.0265    .750    .600 169.186 575.000 348.390    .880  0.0550  0.0140  0.0120  0.0060  0.0030  0.0020  0.0340  0.0340  0.0340  1.2660  0.6330  0.7290   5.000   5.010  15.950  10.000   1.000   4.750    .400    .600 100.000  10.200  50.900    .120   1.700    .010    .100    .000    .000    .000    Carrots
   61 ONIO  30.000   1.250  29.000   7.000   1.500    .600  15.010  50.950   2.000  10.000   3.000  0.0070    .850  35.000   1.200    .700 660.410  0.0206  0.0032  0.0169    .750    .600 205.254 500.000 405.720    .910  0.0400  0.0220  0.0200  0.0040  0.0020  0.0019  0.0300  0.0300  0.0300  1.2660  0.6330  0.7290   5.000   5.010  15.950  10.000   1.000   4.750    .400    .600 100.000  10.200  50.900    .120   1.700    .010    .100    .000    .000    .000    Onions
   62 SGBT  31.000   2.000  22.000   4.000   5.000    .800   5.010  50.950   1.000   1.000   3.000  0.0070    .850 200.000   1.200   2.000 660.350  0.0130  0.0020  0.0260    .300    .600   1.156 110.000  35.000    .836  0.0550  0.0200  0.0120  0.0060  0.0020  0.0020  0.1000  0.0400  0.0240  1.1380  0.6030  0.3320   4.000   5.010  15.950  10.000   1.000   4.750    .400    .600    .000   1.500  10.900    .059   7.000    .010    .100    .000    .000    .000    Sugarbeets
   63 GRBN  25.000    .100  27.000  10.000   1.500    .900  10.050  80.950   1.000   1.000   3.000  0.0100    .850  35.000    .600   1.100 660.340  0.0299  0.0039  0.0215    .100    .600   2.957 120.000   5.000    .900  0.0500  0.0300  0.0200  0.0060  0.0035  0.0025  0.0200  0.0200  0.0200  1.2660  0.6330  0.7290   1.000   5.010  15.950   5.000   1.000   4.750    .400    .200 100.000  10.200  50.900    .190   1.000    .010    .100    .000    .000    .000    Green Beans
   64 LIMA  25.000    .300  27.000  10.000   2.500    .900  10.050  80.950    .100    .100   3.000  0.0100    .850  35.000    .600   1.500 660.340  0.0366  0.0046  0.0157    .220    .600   2.957 120.000   5.000    .700  0.0550  0.0350  0.0250  0.0050  0.0030  0.0025  0.0200  0.0200  0.0200  1.2660  0.6330  0.7290   1.000   5.010  15.950   5.000   1.000   4.750    .400    .200 100.000  10.200  50.900    .190   1.000    .010    .100    .000    .000    .000    Lima Beans
   65 PEAS  25.000    .300  27.000  10.000   2.500    .600  10.050  80.950   1.000   1.000   3.000  0.0100    .850  35.000    .600   1.100 660.340  0.0410  0.0051  0.0180    .220    .600    .896 120.000   5.000    .790  0.0600  0.0400  0.0300  0.0030  0.0020  0.0015  0.0140  0.0130  0.0120  1.2660  0.6330  0.7290   1.000   5.010  15.100   5.000   1.000   4.750    .400    .200 100.000  10.200  50.900    .100   2.500    .010    .100    .000    .000    .000    Peas
   66 CUCM  30.000    .270  32.000  16.000   1.500    .600  15.050  50.950   1.000   1.000   2.000  0.0070    .850  90.000    .800   1.100 660.410  0.0218  0.0043  0.0377    .240    .600 311.220 120.000   5.000    .960  0.0400  0.0200  0.0150  0.0053  0.0025  0.0012  0.0300  0.0300  0.0300  1.2660  0.6330  0.7290   4.000   5.150  15.950   8.000    .500   4.750    .400    .200 100.000   4.400   7.900    .190   1.000    .010    .100    .000    .000    .000    Cucumbers
   67 EGGP  30.000    .590  35.000  18.000   3.000    .600  15.050  50.950    .100    .100   2.000  0.0070    .850  90.000    .800   1.100 660.410  0.0218  0.0041  0.0271    .290    .600 197.369 120.000   5.000    .920  0.0400  0.0200  0.0150  0.0053  0.0020  0.0012  0.0200  0.0200  0.0200  1.2660  0.6330  0.7290   4.000   5.150  15.950   8.000    .500   4.750    .400    .200 100.000   5.200  25.900    .190   1.000    .010    .100    .000    .000    .000    Eggplant
   68 CANT  30.000    .500  32.000  16.000   3.000    .600  15.050  50.950   1.000   1.000   2.000  0.0070    .850  90.000    .900   1.300 660.410  0.0138  0.0017  0.0302    .250    .600  89.611 535.815   5.000    .900  0.0300  0.0150  0.0100  0.0053  0.0020  0.0012  0.0200  0.0200  0.0200  1.2660  0.6330  0.7290   4.000   5.150  15.950   8.000    .500   4.750    .400    .200 100.000   4.400   7.900    .190   1.000    .010    .100    .000    .000    .000    Cantaloupe
   69 HMEL  30.000    .550  35.000  16.000   4.000    .600  15.050  50.950   1.000   1.000   2.000  0.0070    .850  90.000    .800   1.100 660.410  0.0072  0.0010  0.0262    .280    .600    .403 564.480   5.000    .900  0.0200  0.0100  0.0080  0.0026  0.0020  0.0017  0.0200  0.0200  0.0200  1.2660  0.6330  0.7290   4.000   5.150  15.950   8.000    .500   4.750    .400    .200 100.000   4.400   7.900    .190   1.000    .010    .100    .000    .000    .000    Honeydew Melon
   70 WMEL  30.000    .500  35.000  18.000   1.500    .600  15.050  50.950   1.000   1.000   2.000  0.0070    .850  90.000    .800   1.100 660.410  0.0117  0.0011  0.0137    .250    .600 493.982 220.000   5.000    .920  0.0250  0.0150  0.0100  0.0053  0.0025  0.0012  0.0100  0.0100  0.0100  1.2660  0.6330  0.7290   4.000   5.150  15.950   8.000    .500   4.750    .400    .200 100.000   4.400   7.900    .190   1.000    .010    .100    .000    .000    .000    Watermelon
   71 PEPR  30.000    .600  27.000  18.000   5.000    .600  15.050  50.950    .100    .100   2.000  0.0070    .850  90.000    .800   1.100 660.410  0.0188  0.0030  0.0270    .300    .600 1481.95 1100.00   5.000    .930  0.0300  0.0200  0.0150  0.0053  0.0020  0.0012  0.0200  0.0200  0.0200  1.2660  0.6330  0.7290   4.000   5.150  15.950   8.000    .500   4.750    .400    .200 100.000   5.200  25.900    .190   1.000    .010    .100    .000    .000    .000    Peppers
   72 STRW  30.000    .450  32.000  10.000   3.000    .600  15.050  50.950   1.000   1.000   2.000  0.0070    .850  90.000    .800    .700 660.390  0.0116  0.0023  0.0210    .220    .600  32.103 120.000   5.000    .920  0.0663  0.0255  0.0148  0.0053  0.0020  0.0012  0.0200  0.0200  0.0200  3.3900  3.3900  1.6100   6.000   5.150  15.950   8.000    .500   4.750    .400    .200 100.000   5.200  25.900    .190   1.000    .010    .100    .000    .000    .000    Strawberries
   73 TOMA  30.000    .330  27.000  10.000   3.000    .950  15.050  50.950    .100    .100   2.000  0.0070    .850   1.000    .800   1.500 660.410  0.0235  0.0038  0.0342    .170    .600 220.000 120.000   5.000    .940  0.0663  0.0300  0.0250  0.0053  0.0035  0.0025  0.0530  0.0450  0.0400  1.1380  0.6030  0.3320   4.000   5.150  15.950   8.000    .500   4.750    .400    .200 100.000   4.400   7.900    .190   1.000    .010    .100    .000    .000    .000    Tomatoes
   74 SPOT  32.000    .950  29.000  14.000   5.000    .600  15.050  50.950   1.000   1.000   3.000  0.0100    .850 200.000    .800   2.000 660.200  0.0097  0.0010  0.0075    .600    .600    .314 120.000   5.000    .730  0.0532  0.0200  0.0110  0.0078  0.0033  0.0015  0.0500  0.0500  0.0500  1.1380  0.6030  0.3320   4.000   5.150  15.950   3.000    .500   4.750    .400    .600 100.000   4.400   7.900    .000    .000    .010    .100    .000    .000    .000    Sweet Potatoes
   75 SCRN  39.000    .550  35.000   8.000   3.000    .500  15.010  50.950    .500    .500   3.000  0.0070    .850  20.000   2.500   2.000 660.450  0.0214  0.0037  0.0112    .280    .600   9.118 100.000   5.000    .760  0.0470  0.0177  0.0138  0.0048  0.0018  0.0014  0.0160  0.0130  0.0110  0.4330  0.4330  0.2130   4.000   5.150  15.950   8.000    .500   4.750    .400    .200 100.000   4.470   7.770    .120   1.700    .010    .100    .000    .000    .000    Sweet Corn
   76 TOBC  39.000    .550  25.000   8.000   8.000    .700  15.050  50.950   1.000   1.000   3.000  0.0070    .850  20.000   2.500   2.000 660.530  0.0140  0.0020  0.0000    .540    .600   5.623 4123.35   5.000    .150  0.0470  0.0177  0.0138  0.0048  0.0018  0.0014  0.0200  0.0200  0.0200  0.4330  0.4330  0.2130   4.000   5.150  15.950   8.000    .500   4.750    .400    .200 100.000   4.470   7.770    .120   1.700    .010    .100    .000    .000    .000    Tobacco
   77 SUGC  48.000    .900  30.000  12.700   9.000    .850  15.150  75.950    .500    .100   3.000  0.0074    .850 500.000   3.300   2.000 660.290  0.0069  0.0017  0.0159    .750    .600    .224 400.000   5.000    .770  0.0100  0.0040  0.0025  0.0075  0.0030  0.0019  0.0100  0.0040  0.0020  3.3900  3.3900  3.3900   6.000   5.150  15.950   8.000    .500   4.800    .400    .200 100.000   5.500  10.900    .060   1.700    .010    .100    .000    .000    .000    Sugarcane
   78 FESC  30.000    .020  15.000    .000   5.000    .800  15.010  50.950   1.000   1.000   2.000  0.0070    .850  90.000   1.200   2.000 660.410  0.0150  0.0020  0.0160    .010    .600   2.007 120.000   5.000    .100  0.0400  0.0210  0.0120  0.0099  0.0039  0.0022  0.0230  0.0190  0.0160  3.3900  3.3900  3.3900   6.000   5.010  15.100   8.000    .500   4.750    .400    .200 100.000  22.500  40.710    .050   3.900    .010    .100    .000    .000    .000    Fescue
   79 PMIL  35.000    .250  30.000  10.000   2.500    .850  15.010  50.950   1.000   1.000   4.000  0.0120    .850   5.000   2.500   2.000 660.400  0.0189  0.0049  0.0037    .130    .600    .448 178.238   5.000    .100  0.0440  0.0200  0.0100  0.0060  0.0022  0.0012  0.0280  0.0230  0.0200  0.6570  0.6570  0.3200   4.000   5.150  15.950   8.000    .500   4.750    .400    .200 100.000   5.430  15.790    .120   1.700    .010    .100    .000    .000    .000    Pearl Millet
   80 PINE  16.000    .050  20.000   2.000   6.000    .990  10.200  40.950    .100   0.100   1.000  0.0070    .850  80.000  20.000   2.500 660.220  0.0015  0.0003  0.0020    .050    .600   6.721 1000.00   5.000    .010  0.0060  0.0020  0.0015  0.0007  0.0004  0.0003  0.0060  0.0030  0.0020  3.3900  3.3900  3.3900   7.000   5.150  15.950   3.000    .500   4.750    .400    .200 100.000 1000.95 100.100    .050   1.000    .010    .100    .000    .000    .000    Pine Trees
   81 MESQ  10.000    .050  30.000  10.000   1.350    .990   5.050  50.800   1.000   1.000   5.000  0.0070    .850  80.000   6.000   3.500 660.140  0.0015  0.0003  0.0020    .050    .600   6.721 1000.00   5.000    .010  0.0200  0.0100  0.0080  0.0007  0.0004  0.0003  0.0060  0.0030  0.0020  3.3900  3.3900  3.3900  10.000   5.150  15.950   8.000   1.000   4.750    .400    .200 100.000 120.880  20.130    .050   1.000    .010    .100    .000    .050    .000    Mesquite Trees
   82 APPL  15.000    .100  22.000   6.000   4.000    .990  10.150  50.750   1.000   1.000   5.000  0.0070    .850  80.000   3.500   1.000 660.200  0.0019  0.0004  0.0072    .050    .600   6.721 1000.00   5.000    .840  0.0060  0.0020  0.0015  0.0007  0.0004  0.0003  0.0080  0.0080  0.0080  3.3900  3.3900  3.3900   8.000   5.150  15.950   3.000    .500   4.750    .400    .200 100.000 120.880  20.130    .050   1.000    .010    .100    .000    .050    .000    Apple Trees
   83 CABB  19.000    .800  24.000   4.000   3.000   1.000  25.230  40.860    .100    .100   3.000  0.0100    .850  35.000    .457   1.999 660.260  0.0259  0.0031  0.0329    .800    .600  77.805 420.000   5.000    .930  0.0700  0.0300  0.0200  0.0060  0.0035  0.0020  0.0400  0.0400  0.0400  1.2660  0.6330  0.7290   5.000   5.010  15.950   5.000   1.000   4.750    .400    .200 100.000  10.200  50.900    .120   1.700    .010    .100    .000    .000    .000    Cabbage
   84 CANL  30.000    .500  32.000  16.000   3.000    .600  15.050  50.950   1.000   1.000   2.000  0.0070    .850  90.000    .900   1.300 660.410  0.0138  0.0017  0.0302    .250    .600  89.611 535.815   5.000    .900  0.0300  0.0150  0.0100  0.0053  0.0020  0.0012  0.0200  0.0200  0.0200  1.2660  0.6330  0.7290   4.000   5.150  15.950   8.000    .500   4.750    .400    .200 100.000   4.400   7.900    .190   1.000    .010    .100    .000    .000    .000    Cantaloupe
   86 OVAL  30.000   1.250  29.000   7.000   1.500    .600  15.010  50.950   2.000  10.000   3.000  0.0070    .850  35.000   1.200   1.999 660.410  0.0206  0.0032  0.0169    .750    .600 205.254 500.000 405.720    .910  0.0400  0.0220  0.0200  0.0040  0.0020  0.0019  0.0300  0.0300  0.0300  1.2660  0.6330  0.7290   5.000   5.010  15.950  10.000   1.000   4.750    .400    .800 100.000  10.200  50.900    .120   1.700    .010    .100    .000    .000    .000    Onions
   87 REDC  30.000    .600  27.000  18.000   5.000    .600  15.050  50.950    .100    .100   2.000  0.0070    .850  90.000    .800   1.100 660.410  0.0188  0.0030  0.0270    .300    .600 1481.95 1700.00   5.000    .930  0.0300  0.0200  0.0150  0.0053  0.0020  0.0012  0.0200  0.0200  0.0200  1.2660  0.6330  0.7290   4.000   5.150  15.950   8.000    .500   4.750    .400    .200 100.000   5.200  25.900    .190   1.000    .010    .100    .000    .000    .000    Peppers
   88 LETS  30.000   1.250  29.000   7.000   1.500    .600  15.010  50.950   2.000  10.000   3.000  0.0070    .850  35.000   1.200   1.500 660.410  0.0206  0.0032  0.0169    .750    .600 205.254 500.000 405.720    .910  0.0400  0.0220  0.0200  0.0040  0.0020  0.0019  0.0300  0.0300  0.0300  1.2660  0.6330  0.7290   5.000   5.010  15.950  10.000   1.000   4.750    .400    .600 100.000  10.200  50.900    .120   1.700    .010    .100    .000    .000    .000    Onions
   90 POPL  40.000    .050  30.000  10.000   5.000    .990   5.050  40.950   1.000   1.000   5.000  0.0070    .850  80.000   7.500   3.500 660.410  0.0015  0.0003  0.0020    .050    .600   6.721 1000.00   5.000    .010  0.0060  0.0020  0.0015  0.0007  0.0004  0.0003  0.0060  0.0030  0.0020  3.3900  3.3900  3.3900   8.000   5.150  15.950   8.000   1.000   4.750    .400    .200 100.000  68.990  20.350    .050   1.000    .010    .100    .000    .050    .000    Poplar Trees
   91 BLOC  40.000    .050  30.000  10.000   7.000    .990   2.500  10.950   1.000   1.000   5.000  0.0070    .850  80.000   6.000   3.500 660.340  0.0015  0.0003  0.0020    .050    .600   6.721 1000.00   5.000    .010  0.0200  0.0100  0.0080  0.0007  0.0004  0.0003  0.0060  0.0030  0.0020  3.3900  3.3900  3.3900   8.000   5.150  15.950   8.000   1.000   4.750    .400    .200 100.000 120.880  20.130    .050   1.000    .010    .100    .000    .050    .000    Black Locust Trees
   92 SWCH  45.000    .020  25.000  12.000  12.000    .400   8.090  30.700    .200  10.000   2.000  0.0074    .850  80.000   2.500   2.200 660.520  0.0160  0.0012  0.0060    .010    .600   2.205    .000    .000    .100  0.0300  0.0150  0.0080  0.0016  0.0010  0.0007  0.0082  0.0047  0.0035  3.3900  3.3900  3.3900   6.000   5.150  15.950  10.000   1.000   4.750    .400    .200 100.000  22.500  40.710    .000    .000    .010    .100    .000    .000    .000    Switchgrass
   93 DRYB  25.000    .300  27.000  10.000   1.500    .900  10.050  80.950   1.000   1.000   3.000  0.0100    .850  35.000    .600   1.100 660.340  0.0375  0.0047  0.0149    .150    .600   2.205 494.000    .000    .110  0.0450  0.0300  0.0250  0.0045  0.0030  0.0025  0.0091  0.0076  0.0007  1.2660  0.6330  0.7290   1.000   5.150  15.950   5.000    .500   4.750    .400    .200 100.000  30.430  50.710    .000    .000    .010    .100    .000    .000    .000    Drybeans
   94 FABN  25.000    .500  21.000   7.000   4.000    .700  15.010  50.950   1.000   1.000   2.000  0.0100    .850  25.000    .700   2.000 660.340  0.0472  0.0050  0.0132    .250    .600   2.205    .000    .000    .810  0.0460  0.0300  0.0230  0.0048  0.0030  0.0025  0.0081  0.0067  0.0061  1.2660  0.6330  0.7290   1.000   5.150  15.950   5.000    .500   4.750    .400    .200 100.000  30.430  50.710    .000    .000    .010    .100    .000    .000    .000    Faba Beans
   95 SOGR  12.000    .150  25.000   8.000   1.700    .350   5.050  30.700    .100  10.000   4.000  0.0070    .850   5.000    .800   2.000 660.140  0.0170  0.0010  0.0060    .080    .600   2.205    .000    .000    .110  0.0300  0.0160  0.0080  0.0018  0.0010  0.0008  0.0082  0.0047  0.0035  3.3900  3.3900  3.3900   6.000   5.010  15.950   8.000    .500   4.750    .400    .200 100.000  22.500  40.710    .000    .000    .010    .100    .000    .000    .000    SideoatsGramaGr
   96 BBGR  16.000    .150  20.000   8.000   7.600   1.000   5.100  25.700    .200  10.000   4.000  0.0070    .850   5.000   1.000   2.000 660.180  0.0180  0.0010  0.0060    .080    .600   2.205    .000    .000    .130  0.0300  0.0170  0.0100  0.0021  0.0010  0.0008  0.0082  0.0047  0.0035  3.3900  3.3900  3.3900   6.000     1.9    3.99   8.000    .500   4.750    .400    .200 100.000  22.500  40.710    .000    .000    .010    .100    .000    .000    .000    Big Bluestem Gr
   97 EGGR  22.000    .150  25.000   8.000   4.800    .400   5.180  25.900    .200  10.000   4.000  0.0070    .850   5.000    .800   2.000 660.250  0.0150  0.0010  0.0060    .080    .600   2.205    .000    .000    .120  0.0300  0.0150  0.0085  0.0018  0.0010  0.0008  0.0082  0.0047  0.0035  3.3900  3.3900  3.3900   6.000   5.010  15.950   8.000    .500   4.750    .400    .200 100.000  22.500  40.710    .000    .000    .010    .100    .000    .000    .000    EasternGamagrass
   98 JHGR  35.000    .150  30.000  11.000   5.000    .500  15.050  57.950   1.000   1.000   3.000  0.0070    .850  20.000   1.000   2.000 660.400  0.0150  0.0028  0.0100    .080    .600   2.205    .000    .000    .140  0.3000  0.0164  0.0128  0.0060  0.0028  0.0010  0.0000  0.0000  0.0000  3.3900  3.3900  1.6100   4.000   5.150  15.950   8.000    .500   4.750    .400    .200 100.000   1.100  10.950    .000    .000    .010    .100    .000    .000    .000    Johnsongrass
   99 GTFX  37.000    .100  25.000  10.000   5.000    .600  15.050  54.950   2.000   1.000   3.000  0.0070    .850  35.000   1.000   2.000 660.500  0.0150  0.0091  0.0100    .050    .600   2.205    .000    .000    .130  0.0300  0.0265  0.0258  0.0074  0.0037  0.0035  0.0230  0.0109  0.0089  3.3900  3.3900  1.6100   4.000   5.150  15.950   8.000    .500   4.750    .400    .200 100.000  30.300  70.750    .000    .000    .010    .100    .000    .000    .000    Giant Foxtail
  100 COCB  33.000    .400  25.000  10.000   2.500    .600  15.050  50.950    .500   1.000   3.000  0.0070    .850  35.000   1.000   2.000 660.450  0.0650  0.0091  0.0000    .200    .600   2.205    .000    .000    .100  0.0300  0.0265  0.0258  0.0074  0.0037  0.0035  0.0000  0.0000  0.0000  1.2660  0.6330  0.7290   4.000   5.150  15.950   8.000    .500   4.750    .400    .200 100.000   1.600   3.950    .000    .000    .010    .100    .000    .000    .000    Cocklebur
  101 VELV  27.000    .020  25.000   4.000   3.800    .900  15.050  50.950   1.000   1.000   3.000  0.0070    .850  35.000   1.250   1.000 660.360  0.0650  0.0091  0.0000    .010    .600   2.205    .000    .000    .130  0.0300  0.0265  0.0258  0.0074  0.0037  0.0035  0.0000  0.0000  0.0000  1.2660  0.6330  0.7290   4.000   5.150  15.950   8.000    .500   4.750    .400    .200 100.000   2.220   5.560    .000    .000    .010    .100    .000    .000    .000    Velvetleaf
  102 GRFX  37.000    .150  25.000  10.000   3.500    .600  15.050  54.950   1.000   1.000   3.000  0.0070    .850  35.000    .700   2.000 660.500  0.0150  0.0091  0.0100    .080    .600   2.205    .000    .000    .130  0.0300  0.0265  0.0258  0.0074  0.0037  0.0035  0.0230  0.0109  0.0089  3.3900  3.3900  1.6100   4.000   5.150  15.950   8.000    .500   4.750    .400    .200 100.000  30.300  70.750    .000    .000    .010    .100    .000    .000    .000    Green Foxtail
  103 CEAT  35.000    .100  25.000   6.000   3.000    .850  15.050  54.950   2.000   1.000   4.000  0.0070    .850   5.000    .800   1.300 660.470  0.0230  0.0033  0.0000    .050    .600   2.205    .000    .000    .130  0.0300  0.0265  0.0258  0.0074  0.0037  0.0035  0.0000  0.0000  0.0000  3.3900  3.3900  1.6100   6.000   5.150  15.950   8.000    .500   4.750    .400    .200 100.000  30.300  70.750    .000    .000    .010    .100    .000    .000    .000    Cheat Grass
  104 LBST  25.000    .150  25.000  12.000   3.000    .350   5.100  25.700    .500  10.000   2.000  0.0074    .850   6.000   1.000   2.000 660.290  0.0106  0.0010  0.0060    .080    .600   2.205    .000    .000    .100  0.0300  0.0106  0.0078  0.0018  0.0010  0.0008  0.0082  0.0047  0.0035  3.3900  3.3900  3.3900   6.000   5.010  15.950   8.000    .500   4.750    .400    .200 100.000  22.500  40.710    .000    .000    .010    .100    .000    .000    .000    LittleBluestemGr
  105 SOAT  12.000    .150  25.000  12.000   4.000    .350   5.050  30.700    .100  10.000   2.000  0.0074    .850   6.000    .400   1.400 660.138  0.0114  0.0010  0.0060    .080    .600   2.205    .000    .000    .100  0.0300  0.0114  0.0086  0.0018  0.0010  0.0008  0.0082  0.0047  0.0035  3.3900  3.3900  3.3900   6.000   5.010  15.950   8.000    .500   4.750    .400    .200 100.000  22.500  40.710    .000    .000    .010    .100    .000    .000    .000    Sideoats
  106 GRMA  18.000    .150  25.000  12.000   2.000    .350   5.050  30.700    .100  10.000   2.000  0.0074    .850   6.000    .300   1.400 660.210  0.0131  0.0010  0.0120    .080    .600   2.205    .000    .000    .100  0.0300  0.0131  0.0086  0.0018  0.0010  0.0008  0.0268  0.0153  0.0115  3.3900  3.3900  3.3900   6.000   5.010  15.950   8.000    .500   4.750    .400    .200 100.000  22.500  40.710    .000    .000    .010    .100    .000    .000    .000    Gramagrass
  107 BUFF  20.000    .150  25.000  12.000   2.000    .500  10.200  20.950    .200  10.000   2.000  0.0074    .850   6.000    .200   1.400 660.230  0.0122  0.0010  0.0060    .080    .600   2.205    .000    .000    .090  0.0300  0.0157  0.0091  0.0018  0.0010  0.0008  0.0082  0.0047  0.0035  3.3900  3.3900  3.3900   6.000   5.010  15.950   8.000    .500   4.750    .400    .200 100.000  22.500  40.710    .000    .000    .010    .100    .000    .000    .000    Buffalo Grass
  108 DETR  40.000    .050  30.000  10.000   5.000    .990   5.050  40.950   1.000   1.000   5.000  0.0070    .850  80.000   7.500   3.500 660.410  0.0015  0.0003  0.0020    .050    .600   6.721 1000.00   5.000    .010  0.0060  0.0020  0.0015  0.0007  0.0004  0.0003  0.0060  0.0030  0.0020  3.3900  3.3900  3.3900   8.000   5.150  15.950   8.000   1.000   4.750    .400    .200 100.000  68.990  20.350    .050   1.000    .010    .100    .000    .050    .000    Poplar Trees
  109 LWAS  35.000    .020  25.000  12.000   5.000    .990  15.050  50.950   1.000   1.000   2.000  0.0070    .850   5.000   1.000   2.000 660.400  0.0127  0.0021  0.0157    .010    .600    .403  20.000  72.765    .100  0.0222  0.0127  0.0095  0.0037  0.0021  0.0016  0.0180  0.0170  0.0160  3.3900  3.3900  3.3900   6.000   5.010  15.950   7.000    .500   4.750    .400    .200 100.000  22.500  40.710    .060   6.900    .010    .100    .000    .000    .000    Coastal Bermuda
  110 SRUB  40.000    .050  25.000  10.000   3.000    .990   5.050  40.950   1.000   1.000   5.000  0.0070    .850  80.000   1.000   1.000 660.410  0.0015  0.0003  0.0020    .050    .600   6.721 1000.00   5.000    .010  0.0060  0.0020  0.0015  0.0007  0.0004  0.0003  0.0060  0.0030  0.0020  3.3900  3.3900  3.3900   8.000   5.150  15.950   8.000   1.000   4.750    .400    .200 100.000  68.990  20.350    .050   1.000    .010    .100    .000    .050    .000    Poplar Trees
  111 GRAP  30.000    .020  30.000  10.000   2.000    .900   5.010  50.950   1.000   1.000   3.000  0.0070    .850 100.000   2.000   2.000 660.350  0.0200  0.0025  0.0000    .010    .600   1.000 1000.00    .000    .900  0.0100  0.0040  0.0030  0.0014  0.0008  0.0006  0.0000  0.0000  0.0000  3.3900  3.3900  3.3900   8.000  15.010  23.500  10.000   1.000   4.750    .400    .200 100.000   1.250   5.900    .000    .000    .010    .100    .000    .000    .000    Grape
  112 IMPE    .010    .400  15.000    .000    .000    .550  15.010  50.950   1.000   1.000   3.000  0.0130    .850    .010   2.000   2.200 660.020  0.0280  0.0060  0.0070    .300    .600   4.410 190.000   5.000    .060  0.0500  0.0230  0.0150  0.0060  0.0030  0.0020  0.0290  0.0200  0.0100  1.1380  0.6030  0.3320   4.000   5.150  15.950   7.000    .500   4.750    .400    .200    .000   1.100   4.900    .052   7.700    .010    .100    .000    .000    .000    IMPERVIOUS
  113 CAME  34.000    .230  21.000   5.000   3.500    .500  15.020  45.950    .200    .300   3.000  0.0078    .900 100.000    .900    .900    .160  0.6000 10.7533147.7350   5.000    .120    .044    .018    .016    .007  0.0440  0.0182  0.0164  0.0073  0.0037  0.0023  0.0440  0.0160  0.0130  1.2660  0.6330  0.7290   1.000   5.050  15.100  10.000    .500   4.750    .400    .200 100.000  20.200 100.900    .100   2.500    .010    .100    .000    .000    .000    Camelina
  114 SAFF  34.000    .230  21.000   5.000   3.500    .500  15.020  45.950    .200    .300   3.000  0.0078    .900 100.000    .900    .900    .160  0.6000 10.7533147.7350   5.000    .120    .044    .018    .016    .007  0.0440  0.0182  0.0164  0.0073  0.0037  0.0023  0.0440  0.0160  0.0130  1.2660  0.6330  0.7290   1.000   5.050  15.100  10.000    .500   4.750    .400    .200 100.000  20.200 100.900    .100   2.500    .010    .100    .000    .000    .000    Safflower
  115 SWCA  47.000    .900  25.000  12.000   3.000    .800  10.200  20.950    .200  10.000   2.000  0.0055    .850  80.000   2.500   2.200 660.540  0.0160  0.0022  0.0000    .900    .600   1.000 120.000   5.000    .100  0.0350  0.0150  0.0038  0.0014  0.0010  0.0007  0.0000  0.0000  0.0000  3.3900  3.3900  3.3900   6.000   5.150  15.950   8.500   1.000   4.750    .400    .200 100.000  22.500  40.710    .050   3.900    .010    .100    .000    .000    .000    Switchgrass Alamo
  116 ALMD  15.000    .750  30.000  10.000   5.000    .990   5.050  40.950   1.000   1.000   5.000  0.0050    .850  80.000   6.000   3.500 660.150  0.0015  0.0003  0.0020    .050    .600   3.000    .000 100.000    .010  0.0060  0.0020  0.0015  0.0007  0.0004  0.0003  0.0060  0.0030  0.0020  3.3900  3.3900  3.3900   8.000   5.100  15.500   8.000   1.000   4.750    .400    .200 100.000 1000.95 100.050    .050   1.000    .010    .100    .000    .000    .000    Almonds
  117 ARTC  33.000    .400  25.000  10.000   1.500    .600  15.050  50.950    .500   1.000   3.000  0.0070    .850  35.000   1.000   2.000 660.450  0.0650  0.0091  0.0000    .200    .600   2.205    .000    .000    .100  0.0300  0.0265  0.0258  0.0074  0.0037  0.0035  0.0000  0.0000  0.0000  1.2660  0.6330  0.7290   4.000   5.150  15.950   8.000    .500   4.750    .400    .200 100.000   1.600   3.950    .000    .000    .010    .100    .000    .000    .000    Artichokes
  118 BANA  30.000    .440  30.000  10.000   4.500    .990   5.050  40.950    .500   1.000   1.000  0.0036    .850  80.000   7.500   3.500 660.310  0.0064  0.0008  0.0000    .010    .600   1.000 1000.00   5.000    .010  0.0600  0.0320  0.0160  0.0030  0.0020  0.0010  0.0000  0.0000  0.0000  3.3900  3.3900  3.3900   7.000   5.150  15.950   8.000    .500   4.750    .400    .200 100.000 1000.95 100.100    .050   1.000    .010    .100    .000    .000    .000    Bananas
  119 SBAR  35.000    .540  25.000    .000   4.000    .900  15.010  45.950    .500    .500   2.000  0.0083    .850   5.000   1.200   1.300 660.450  0.0210  0.0017  0.0000    .200    .600   1.000  92.830  75.000    .130  0.0590  0.0226  0.0131  0.0057  0.0022  0.0013  0.0000  0.0000  0.0000  0.6570  0.6570  0.3200   4.000   5.150  15.950   7.000    .500   4.750    .400    .200 100.000   3.200  10.900    .200   4.800    .010    .100    .000    .000    .000    Barley Spring
  120 WBAR  30.000    .540  18.000    .000   4.000    .900   5.050  45.950   1.000   1.000   2.000  0.0056    .850  90.000    .900   1.300 660.390  0.0250  0.0022  0.0000    .200    .600   1.000 115.000  20.000    .210  0.0663  0.0255  0.0148  0.0053  0.0020  0.0012  0.0000  0.0000  0.0000  3.3900  3.3900  1.6100   5.000   5.010  15.100   6.000    .500   4.750    .400    .200 100.000 125.600 250.950    .071   6.000    .010    .100    .000    .000    .000    Barley Winter
  121 BLUE  15.000    .100  20.000  10.000   1.500    .990  10.150  50.750   1.000   1.000   3.000  0.0070    .850 100.000   1.500   1.500 660.350  0.0019  0.0004  0.0000    .050    .600   1.000 1000.00    .000    .900  0.0060  0.0020  0.0015  0.0007  0.0004  0.0003  0.0000  0.0000  0.0000  3.3900  3.3900  3.3900   8.000  15.010  23.500   3.000    .750   4.750    .400    .200 100.000   1.250   3.900    .000    .000    .010    .100    .000    .000    .000    Blueberries
  122 CASH  15.000    .150  20.000   7.000   4.000    .990  10.150  50.750    .500   1.000   1.000  0.0071    .850  80.000   3.500   2.000 660.200  0.0019  0.0004  0.0000    .050    .600   1.000 1000.00   5.000    .010  0.0060  0.0020  0.0015  0.0007  0.0004  0.0003  0.0000  0.0000  0.0000  3.3900  3.3900  3.3900   7.000   5.150  15.950   3.000    .500   4.750    .400    .200 100.000 1000.95 100.100    .050   1.000    .010    .100    .000    .000    .000    Cashews
  123 CHKP  25.000    .450  15.000   1.000   5.000    .750  15.010  50.950   2.000   2.000   2.000  0.0070    .850  35.000   1.200   2.000 660.340  0.0412  0.0055  0.0114    .340    .600    .739  24.000   5.000    .120  0.0515  0.0335  0.0296  0.0033  0.0019  0.0014  0.0140  0.0130  0.0120  3.3900  3.3900  1.6100   2.000   5.010  15.100  10.000   1.000   4.750    .400    .200 100.000  20.200 100.900    .100   2.500    .010    .100    .000    .000    .000    Chickpeas
  124 CTRT  16.000    .050  20.000   2.000   5.000    .150  10.500  25.990    .500   1.000   1.000  0.0070    .850  80.000  20.000   2.000 660.220  0.0015  0.0003  0.0020    .050    .600   6.721 1000.00   5.000    .010  0.0060  0.0020  0.0015  0.0007  0.0004  0.0003  0.0060  0.0030  0.0020  3.3900  3.3900  3.3900   7.000   3.150  15.950   3.000    .500   4.750    .400    .200 100.000 1000.95 100.100    .050   1.000    .010    .100    .000    .000    .000    Citrus trees
  125 COCO  24.000    .560  30.000    .000   5.000    .990  15.700  25.990    .500   1.000   1.000  0.0019    .850  80.000  10.000   3.500 660.160  0.0015  0.0003  0.0000    .600    .600   1.000 1000.00   5.000    .010  0.0060  0.0020  0.0015  0.0007  0.0004  0.0003  0.0000  0.0000  0.0000  3.3900  3.3900  3.3900   7.000   5.150  15.950   8.000    .500   4.750    .400    .200 100.000 1000.95 100.100    .050   1.000    .010    .100    .000    .000    .000    Coconut
  126 COFF  10.000    .150  30.000  10.000   1.350    .990   5.050  40.950    .500   1.000   1.000  0.0036    .850  80.000   2.000   2.000 660.180  0.0015  0.0003  0.0000    .010    .600   1.000 1000.00   5.000    .010  0.0200  0.0100  0.0080  0.0007  0.0004  0.0003  0.0000  0.0000  0.0000  3.3900  3.3900  3.3900   7.000   5.150  15.950   8.000    .500   4.750    .400    .200 100.000 1000.95 100.100    .050   1.000    .010    .100    .000    .000    .000    Coffee
  127 COLG  23.000    .800  18.200    .000   4.200   1.000  25.230  40.860    .100    .500   2.000  0.0122    .860   2.500    .200    .800 660.310  0.0394  0.0049  0.0384    .800    .600 148.195 4500.00   5.000    .960  0.0500  0.0250  0.0210  0.0084  0.0032  0.0019  0.0400  0.0400  0.0400  1.2660  0.6330  0.7290   5.000   5.010  15.100   8.000    .500   4.300    .400    .200 100.000  10.200  50.900    .120   1.700    .010    .100    .000    .000    .000    Collard Greens
  128 CWPS  35.000    .420  28.000  14.000   4.000    .900  15.010  50.950   1.000   1.000   3.000  0.0055    .850  35.000   1.200   2.000 660.390  0.0427  0.0048  0.0000    .050    .600   1.000 494.000    .000    .110  0.0600  0.0231  0.0134  0.0049  0.0019  0.0011  0.0000  0.0000  0.0000  1.2660  0.6330  0.7290   1.000   5.150  15.950   8.000    .500   4.750    .400    .200 100.000  30.430  50.710    .000    .000    .010    .100    .000    .000    .000    Cowpeas
  129 CRAM  35.000    .800  18.200    .000   4.200   1.000  25.230  40.860    .100    .500   2.000  0.0122    .860   2.500    .750    .800 660.260  0.0347  0.0042  0.0440    .800    .600 136.097 4500.00   5.000    .940  0.0500  0.0250  0.0210  0.0084  0.0032  0.0019  0.0440  0.0440  0.0440  1.2660  0.6330  0.7290   5.000   5.010  15.100   8.000    .500   4.300    .400    .200 100.000  10.200  50.900    .120   1.700    .010    .100    .000    .000    .000    Crambe
  130 ETEF  35.000    .230  18.000    .000   3.000    .900  15.050  50.950    .500    .500   2.000  0.0056    .850   5.000    .900   2.000 660.460  0.0234  0.0033  0.0000    .200    .600   1.000  92.830  75.000    .130  0.0600  0.0231  0.0134  0.0084  0.0032  0.0019  0.0000  0.0000  0.0000  0.6570  0.6570  0.3200   4.000   5.150  15.950   8.000    .500   4.750    .400    .200 100.000   3.200  10.900    .200   4.800    .010    .100    .000    .000    .000    Eragrostis Teff
  131 FRSD  15.000    .760  30.000  10.000   5.000    .990   5.050  40.950   1.000   1.000   5.000  0.0020    .850  80.000   6.000   3.500 660.160  0.0015  0.0003  0.0000    .010    .600   1.000 1000.00   5.000    .010  0.0060  0.0020  0.0015  0.0007  0.0004  0.0003  0.0000  0.0000  0.0000  3.3900  3.3900  3.3900   8.000   5.150  15.950   8.000   1.000   4.750    .400    .200 100.000 1000.95 100.050    .050   1.000    .010    .100    .000    .000    .000    Forest-Deciduous
  132 FRSE  15.000    .760  30.000    .000   5.000    .990  15.700  25.990    .500   1.000   1.000  0.0019    .850  80.000  10.000   3.500 660.160  0.0015  0.0003  0.0000    .600    .600   1.000 1000.00   5.000    .010  0.0060  0.0020  0.0015  0.0007  0.0004  0.0003  0.0000  0.0000  0.0000  3.3900  3.3900  3.3900   7.000   5.150  15.950   8.000    .500   4.750    .400    .200 100.000 1000.95 100.100    .050   1.000    .010    .100    .000    .000    .000    Forest-Evergreen
  133 FRST  15.000    .760  30.000  10.000   5.000    .990   5.050  40.950    .500   1.000   1.000  0.0020    .850  80.000   6.000   3.500 660.160  0.0015  0.0003  0.0000    .010    .600   1.000 1000.00   5.000    .010  0.0060  0.0020  0.0015  0.0007  0.0004  0.0003  0.0000  0.0000  0.0000  3.3900  3.3900  3.3900   7.000   5.150  15.950   8.000    .500   4.750    .400    .200 100.000 1000.95 100.100    .050   1.000    .010    .100    .000    .000    .000    Forest-Mixed
  134 GARB  25.000    .450  15.000   1.000   5.000    .750  15.010  50.950   2.000   2.000   2.000  0.0070    .850  35.000   1.200   2.000 660.340  0.0412  0.0055  0.0114    .340    .600    .739  24.000   5.000    .120  0.0515  0.0335  0.0296  0.0033  0.0019  0.0014  0.0140  0.0130  0.0120  3.3900  3.3900  1.6100   2.000   5.010  15.100  10.000   1.000   4.750    .400    .200 100.000  20.200 100.900    .100   2.500    .010    .100    .000    .000    .000    Garbanzo beans
  135 PEAS  25.000    .300  14.000   5.000   2.500    .900  10.050  80.950   2.000   2.000   2.000  0.0055    .850  35.000    .600   1.200 660.340  0.0410  0.0051  0.0000    .220    .600   1.000  24.000   5.000    .120  0.0040  0.0030  0.0015  0.0030  0.0020  0.0015  0.0000  0.0000  0.0000  3.3900  3.3900  1.6100   2.000   5.010  15.100   5.000   1.000   4.750    .400    .200 100.000  20.200 100.900    .100   2.500    .010    .100    .000    .000    .000    Garden or Canning Peas
  136 GARL  30.000   1.250  29.000   7.000   1.500    .600  15.010  50.950   2.000  10.000   3.000  0.0070    .850  35.000   1.200    .700 660.410  0.0206  0.0032  0.0169    .750    .600 205.254 500.000 405.720    .910  0.0400  0.0220  0.0200  0.0040  0.0020  0.0019  0.0300  0.0300  0.0300  1.2660  0.6330  0.7290   5.000   5.010  15.950  10.000   1.000   4.750    .400    .600 100.000  10.200  50.900    .120   1.700    .010    .100    .000    .000    .000    Garlic
  137 GINS   1.000   1.120  24.000   7.000   1.750    .600  15.010  50.950   2.000  10.000   3.000  0.0070    .850  35.000    .300   1.100 660.410  0.0135  0.0036  0.0265    .750    .600 169.186 575.000 348.390    .880  0.0550  0.0140  0.0120  0.0060  0.0030  0.0020  0.0340  0.0340  0.0340  1.2660  0.6330  0.7290   5.000   5.010  15.950  10.000   1.000   4.750    .400    .600 100.000  10.200  50.900    .120   1.700    .010    .100    .000    .000    .000    Ginseng
  138 GLAD  30.000   1.250  29.000   7.000   1.500    .600  15.010  50.950   2.000  10.000   3.000  0.0070    .850  35.000   1.200    .700 660.410  0.0206  0.0032  0.0169    .750    .600 205.254 500.000 405.720    .910  0.0400  0.0220  0.0200  0.0040  0.0020  0.0019  0.0300  0.0300  0.0300  1.2660  0.6330  0.7290   5.000   5.010  15.950  10.000   1.000   4.750    .400    .600 100.000  10.200  50.900    .120   1.700    .010    .100    .000    .000    .000    Gladiola
  139 GRAR  16.100    .050  30.000  10.000   2.000    .990   5.050  40.950    .500   1.000   1.000  0.0036    .850  80.000   6.000   3.500 660.180  0.0015  0.0003  0.0000    .010    .600   1.000 1000.00   5.000    .010  0.0200  0.0100  0.0080  0.0007  0.0004  0.0003  0.0000  0.0000  0.0000  3.3900  3.3900  3.3900   7.000   5.150  15.950   8.000    .500   4.750    .400    .200 100.000 1000.95 100.100    .050   1.000    .010    .100    .000    .000    .000    Grarigue
  140 MESQ  16.100    .050  30.000  10.000   1.250    .990   5.050  40.950   1.000   1.000   5.000  0.0036    .850  80.000   6.000   3.500 660.180  0.0015  0.0003  0.0000    .010    .600   1.000 1000.00   5.000    .010  0.0200  0.0100  0.0080  0.0007  0.0004  0.0003  0.0000  0.0000  0.0000  3.3900  3.3900  3.3900  10.000   5.150  15.950   8.000   1.000   4.750    .400    .200 100.000 1000.95 100.050    .050   1.000    .010    .100    .000    .000    .000    Honey Mesquite
  141 HRAD   5.000   1.120  24.000   7.000   5.000    .600  15.010  50.950   2.000  10.000   3.000  0.0070    .850  35.000   1.500   1.100 660.410  0.0135  0.0036  0.0265    .750    .600 169.186 575.000 348.390    .880  0.0550  0.0140  0.0120  0.0060  0.0030  0.0020  0.0340  0.0340  0.0340  1.2660  0.6330  0.7290   5.000   5.010  15.950  10.000   1.000   4.750    .400    .900 100.000  10.200  50.900    .120   1.700    .010    .100    .000    .000    .000    Horseradish
  142 INDN  34.000    .900  25.000  12.000   3.000    .800   5.100  25.700   1.000   1.000   2.000  0.0055    .850  90.000   1.000   2.000 660.390  0.0160  0.0022  0.0000    .900    .600   1.000 120.000   5.000    .100  0.0200  0.0120  0.0050  0.0014  0.0010  0.0007  0.0000  0.0000  0.0000  3.3900  3.3900  3.3900   6.000   5.010  15.100  10.000    .500   4.750    .400    .200 100.000  22.500  40.710    .050   3.900    .010    .100    .000    .000    .000    Indiangrass
  143 KALE  23.000    .800  18.200    .000   4.200   1.000  25.230  40.860    .100    .500   2.000  0.0122    .860   2.500    .200    .800 660.310  0.0394  0.0049  0.0384    .800    .600 148.195 4500.00   5.000    .960  0.0500  0.0250  0.0210  0.0084  0.0032  0.0019  0.0400  0.0400  0.0400  1.2660  0.6330  0.7290   5.000   5.010  15.100   8.000    .500   4.300    .400    .200 100.000  10.200  50.900    .120   1.700    .010    .100    .000    .000    .000    Kale
  144 BLUG  18.000    .900  25.000  12.000   2.000    .800   5.050  30.700   1.000   1.000   2.000  0.0055    .850  90.000    .200   1.400 660.310  0.0160  0.0022  0.0000    .900    .600   1.000 120.000   5.000    .100  0.0200  0.0100  0.0060  0.0014  0.0010  0.0007  0.0000  0.0000  0.0000  3.3900  3.3900  3.3900   6.000   5.010  15.100  10.000    .500   4.750    .400    .200 100.000  22.500  40.710    .050   3.900    .010    .100    .000    .000    .000    Kentucky Bluegrass
  145 LETH  23.000    .800  18.000   7.000   4.200   1.000  25.230  40.860    .100    .500   2.000  0.0025    .860   2.500    .200    .600 660.250  0.0393  0.0049  0.0000    .010    .600   1.000 4500.00   5.000    .940  0.0360  0.0250  0.0210  0.0084  0.0032  0.0019  0.0000  0.0000  0.0000  1.2660  0.6330  0.7290   5.000   5.010  15.100   8.000    .500   4.750    .400    .200 100.000  10.200  50.900    .120   1.700    .010    .100    .000    .000    .000    Lettuce Head
  146 MILL  35.000    .250  30.000  10.000   2.500    .850  15.010  50.950   1.000   1.000   4.000  0.0120    .850   5.000   2.500   2.000 660.400  0.0189  0.0049  0.0037    .130    .600    .448 178.238   5.000    .100  0.0440  0.0200  0.0100  0.0060  0.0022  0.0012  0.0280  0.0230  0.0200  0.6570  0.6570  0.3200   4.000   5.150  15.950   8.000    .500   4.750    .400    .200 100.000   5.430  15.790    .120   1.700    .010    .100    .000    .000    .000    Millet
  147 MINT   1.000   1.120  24.000   7.000   3.000    .600  15.010  50.950   2.000  10.000   3.000  0.0070    .850  35.000    .300   1.100 660.410  0.0135  0.0036  0.0265    .750    .600 169.186 575.000 348.390    .880  0.0550  0.0140  0.0120  0.0060  0.0030  0.0020  0.0340  0.0340  0.0340  1.2660  0.6330  0.7290   5.000   5.010  15.950  10.000   1.000   4.750    .400    .600 100.000  10.200  50.900    .120   1.700    .010    .100    .000    .000    .000    Mint
  148 MUNB  25.000    .310  30.000  15.000   4.000    .900  15.010  50.950   1.000   1.000   3.000  0.0055    .850  35.000   1.500   2.000 660.330  0.0420  0.0040  0.0000    .010    .600   1.000 494.000    .000    .110  0.0524  0.0265  0.0258  0.0074  0.0037  0.0035  0.0000  0.0000  0.0000  1.2660  0.6330  0.7290   1.000   5.150  15.950  10.000    .500   4.750    .400    .200 100.000  30.430  50.710    .000    .000    .010    .100    .000    .000    .000    Mung Beans
  149 MUST  34.000    .230  21.000   5.000   3.500    .500  15.020  45.950    .200    .300   3.000  0.0078    .900 100.000    .900    .900 660.460  0.0360  0.0084  0.0380    .160    .600  10.753 147.735   5.000    .120  0.0440  0.0182  0.0164  0.0073  0.0037  0.0023  0.0440  0.0160  0.0130  1.2660  0.6330  0.7290   4.000   5.050  15.100  10.000    .500   4.750    .400    .200 100.000  20.200 100.900    .100   2.500    .010    .100    .000    .000    .000    Mustard
  150  OAK  15.000    .760  30.000  10.000   5.000    .990   5.050  40.950   1.000   1.000   5.000  0.0020    .850  80.000   6.000   3.500 660.160  0.0015  0.0003  0.0000    .010    .600   1.000 1000.00   5.000    .010  0.0060  0.0020  0.0015  0.0007  0.0004  0.0003  0.0000  0.0000  0.0000  3.3900  3.3900  3.3900   8.000   5.150  15.950   8.000   1.000   4.750    .400    .200 100.000 1000.95 100.050    .050   1.000    .010    .100    .000    .000    .000    Oak Tree
  151 OILP  12.000    .180  20.000   7.000   5.000    .990  10.150  50.750    .500   1.000   1.000  0.0071    .850  80.000   3.500   2.000 660.200  0.0019  0.0004  0.0000    .050    .600   1.000 1000.00   5.000    .010  0.0060  0.0020  0.0015  0.0007  0.0004  0.0003  0.0000  0.0000  0.0000  3.3900  3.3900  3.3900   7.000   5.150  15.950   3.000    .500   4.750    .400    .200 100.000 1000.95 100.100    .050   1.000    .010    .100    .000    .000    .000    Oil Palm
  152 OLIV  14.000    .050  30.000  10.000   4.500    .990   5.500  40.950    .500   1.000   1.000  0.0036    .850  80.000   6.000   3.500 660.180  0.0097  0.0040  0.0000    .010    .600   1.000 1000.00   5.000    .010  0.0024  0.0008  0.0006  0.0003  0.0002  0.0001  0.0000  0.0000  0.0000  3.3900  3.3900  3.3900   7.000   5.150  15.950   8.000    .500   4.750    .400    .200 100.000 1000.95 100.100    .050   1.000    .010    .100    .000    .000    .000    Olives
  153 ORAN  15.000    .140  20.000   7.000   2.000    .990  10.150  50.750    .500   1.000   1.000  0.0050    .850  80.000   3.500   2.000 660.200  0.0019  0.0004  0.0000    .090    .600   1.000 1000.00   5.000    .010  0.0060  0.0020  0.0015  0.0007  0.0004  0.0003  0.0000  0.0000  0.0000  3.3900  3.3900  3.3900   7.000   3.150  15.950   3.000    .500   1.300    .400    .200 100.000 1000.95 100.100    .050   1.000    .010    .100    .000    .000    .000    Orange citrus trees
  154 ORC1  15.000    .100  20.000   7.000   4.000    .990  10.150  50.750   1.000   1.000   5.000  0.0071    .850  80.000   3.500   2.000 660.200  0.0019  0.0004  0.0000    .050    .600   1.000 1000.00   5.000    .010  0.0060  0.0020  0.0015  0.0007  0.0004  0.0003  0.0000  0.0000  0.0000  3.3900  3.3900  3.3900   8.000   5.150  15.950   3.000   1.000   4.750    .400    .200 100.000 1000.95 100.050    .050   1.000    .010    .100    .000    .000    .000    Orchard
  155 PAPA  30.000    .440  30.000  10.000   4.500    .990   5.050  40.950    .500   1.000   1.000  0.0036    .850  80.000   7.500   3.500 660.310  0.5000  0.0008  0.0000    .010    .600   1.000 1000.00   5.000    .010  0.0600  0.0320  0.0160  0.0030  0.0020  0.0010  0.0000  0.0000  0.0000  3.3900  3.3900  3.3900   7.000   5.150  15.950   8.000    .500   4.750    .400    .200 100.000 1000.95 100.100    .050   1.000    .010    .100    .000    .000    .000    Papayas
  156 PCAN  15.000    .750  30.000  10.000   5.000    .990   5.050  40.950   1.000   1.000   5.000  0.0050    .850  80.000   6.000   3.500 660.150  0.0015  0.0003  0.0020    .050    .600   3.000    .000 100.000    .010  0.0060  0.0020  0.0015  0.0007  0.0004  0.0003  0.0060  0.0030  0.0020  3.3900  3.3900  3.3900   8.000   5.100  15.500   8.000   1.000   4.750    .400    .200 100.000 1000.95 100.050    .050   1.000    .010    .100    .000    .000    .000    Pecans
  157 PINP  30.000    .700  30.000  10.000   4.000    .990   5.050  40.950    .500   1.000   1.000  0.0036    .850  80.000   1.000   3.500 660.310  0.0064  0.0008  0.0000    .010    .600   1.000 1000.00   5.000    .010  0.0600  0.0320  0.0160  0.0030  0.0020  0.0010  0.0000  0.0000  0.0000  3.3900  3.3900  3.3900   7.000   5.150  15.950   8.000    .500   4.750    .400    .200 100.000 1000.95 100.100    .050   1.000    .010    .100    .000    .000    .000    Pineapple
  158 PNTO  25.000    .300  27.000  10.000   1.500    .900  10.050  80.950   1.000   1.000   3.000  0.0100    .850  35.000    .600   1.100 660.340  0.0375  0.0047  0.0149    .150    .600   2.205 494.000    .000    .110  0.0450  0.0300  0.0250  0.0045  0.0030  0.0025  0.0091  0.0076  0.0007  1.2660  0.6330  0.7290   1.000   5.150  15.950   5.000    .500   4.750    .400    .200 100.000  30.430  50.710    .000    .000    .010    .100    .000    .000    .000    Pinto Beans
  159 PIST  15.000    .750  30.000  10.000   5.000    .990   5.050  40.950   1.000   1.000   5.000  0.0050    .850  80.000   6.000   3.500 660.150  0.0015  0.0003  0.0020    .050    .600   3.000    .000 100.000    .010  0.0060  0.0020  0.0015  0.0007  0.0004  0.0003  0.0060  0.0030  0.0020  3.3900  3.3900  3.3900   8.000   5.100  15.500   8.000   1.000   4.750    .400    .200 100.000 1000.95 100.050    .050   1.000    .010    .100    .000    .000    .000    Pistachio
  160 PLAN  30.000    .440  30.000  10.000   4.500    .990   5.050  40.950    .500   1.000   1.000  0.0036    .850  80.000   7.500   3.500 660.310  0.0064  0.0008  0.0000    .010    .600   1.000 1000.00   5.000    .010  0.0600  0.0320  0.0160  0.0030  0.0020  0.0010  0.0000  0.0000  0.0000  3.3900  3.3900  3.3900   7.000   5.150  15.950   8.000    .500   4.750    .400    .200 100.000 1000.95 100.100    .050   1.000    .010    .100    .000    .000    .000    Plaintains
  161 PUMP  30.000    .500  35.000  18.000   1.500    .600  15.050  50.950   1.000   1.000   2.000  0.0070    .850  90.000    .800   1.100 660.410  0.0117  0.0011  0.0137    .250    .600 493.982 220.000   5.000    .920  0.0250  0.0150  0.0100  0.0053  0.0025  0.0012  0.0100  0.0100  0.0100  1.2660  0.6330  0.7290   4.000   5.150  15.950   8.000    .500   4.750    .400    .200 100.000   4.400   7.900    .190   1.000    .010    .100    .000    .000    .000    Pumpkin
  162 RADH   5.000   1.120  24.000   7.000   3.500    .600  15.010  50.950   2.000  10.000   3.000  0.0070    .850  35.000    .300   1.100 660.410  0.0135  0.0036  0.0265    .750    .600 169.186 575.000 348.390    .880  0.0550  0.0140  0.0120  0.0060  0.0030  0.0020  0.0340  0.0340  0.0340  1.2660  0.6330  0.7290   5.000   5.010  15.950  10.000   1.000   4.750    .400    .600 100.000  10.200  50.900    .120   1.700    .010    .100    .000    .000    .000    Radish
  163 SWRN  34.000    .900  25.000  12.000   1.500    .800   5.100  25.700   1.000   1.000   4.000  0.0055    .850   5.000   1.000   2.000 660.390  0.0160  0.0022  0.0000    .900    .600   1.000 120.000   5.000    .100  0.0200  0.0120  0.0050  0.0014  0.0010  0.0007  0.0000  0.0000  0.0000  3.3900  3.3900  3.3900   6.000   5.010  15.950  10.000    .500   4.750    .400    .200 100.000  22.500  40.710    .090   2.000    .010    .100    .000    .000    .000    Range Southwestern US (Arid)
  164 RNGB  34.000    .900  25.000  12.000   2.000    .800   5.100  25.700   1.000   1.000   5.000  0.0055    .850  80.000   1.000   2.000 660.390  0.0160  0.0022  0.0000    .900    .600   1.000 1000.00   5.000    .010  0.0200  0.0120  0.0050  0.0014  0.0010  0.0007  0.0000  0.0000  0.0000  3.3900  3.3900  3.3900   8.000   5.150  15.950  10.000   1.000   4.750    .400    .200 100.000  68.990  20.350    .050   1.000    .010    .100    .000    .000    .000    Range-Brush
  165 RNGA  34.000    .900  25.000  12.000   2.500    .800   5.100  25.700   1.000   1.000   4.000  0.0055    .850   5.000   1.000   2.000 660.390  0.0160  0.0022  0.0000    .900    .600   1.000 120.000   5.000    .100  0.0200  0.0120  0.0050  0.0014  0.0010  0.0007  0.0000  0.0000  0.0000  3.3900  3.3900  3.3900   6.000   5.010  15.950  10.000    .500   4.750    .400    .200 100.000  22.500  40.710    .090   2.000    .010    .100    .000    .000    .000    Range-Grasses
  166 RDBT  31.000    .500  22.000   4.000   4.100    .800   5.010  50.950   1.000   1.000   3.000  0.0070    .850 200.000    .500   1.000 660.350  0.0024  0.0480  0.0260    .300    .600   1.156 110.000  35.000    .836  0.0550  0.0200  0.0120  0.0060  0.0020  0.0020  0.1000  0.0400  0.0240  1.1380  0.6030  0.3320   4.000   5.010  15.950  10.000   1.000   4.750    .400    .600    .000  15.500  30.900    .059   7.000    .010    .100    .000    .000    .000    Red Beets
  167 RUBR   5.600    .900  20.000   7.000   4.500    .990  10.150  50.750    .500   1.000   1.000  0.0071    .850  80.000   3.500   2.000 660.200  0.0019  0.0004  0.0000    .050    .600   1.000 1000.00   5.000    .010  0.0060  0.0020  0.0015  0.0007  0.0004  0.0003  0.0000  0.0000  0.0000  3.3900  3.3900  3.3900   7.000   5.150  15.950   3.000    .500   4.750    .400    .200 100.000 1000.95 100.100    .050   1.000    .010    .100    .000    .000    .000    Rubber Trees
  168 RYEI  30.000    .900  18.000    .000   4.000    .800  20.320  45.950   1.000   1.000   2.000  0.0055    .850  90.000    .800   1.300 660.390  0.0220  0.0028  0.0000    .900    .600   1.000  98.000  75.000    .120  0.0660  0.0254  0.0147  0.0105  0.0040  0.0024  0.0000  0.0000  0.0000  3.3900  3.3900  1.6100   5.000   5.010  15.100   6.000    .500   4.750    .400    .200 100.000 125.600 250.950    .080   5.600    .010    .100    .000    .000    .000    Ryegrass Italian (Annual)
  169 SEAK  35.000    .800  18.200    .000   4.200   1.000  25.230  40.860    .100    .500   2.000  0.0122    .860   2.500    .750    .800 660.260  0.0347  0.0042  0.0440    .800    .600 136.097 4500.00   5.000    .940  0.0500  0.0250  0.0210  0.0084  0.0032  0.0019  0.0440  0.0440  0.0440  1.2660  0.6330  0.7290   5.000   5.010  15.100   8.000    .500   4.300    .400    .200 100.000  10.200  50.900    .120   1.700    .010    .100    .000    .000    .000    Sea Kale
  170 FEST  30.000    .900  15.000    .000   4.000    .800  15.010  50.950   1.000   1.000   2.000  0.0055    .850  90.000   1.500   2.000 660.390  0.0234  0.0033  0.0000    .900    .600   1.000 120.000   5.000    .100  0.0560  0.0210  0.0120  0.0099  0.0022  0.0019  0.0000  0.0000  0.0000  3.3900  3.3900  3.3900   6.000   5.010  15.100   8.000    .500   4.750    .400    .200 100.000  22.500  40.710    .050   3.900    .010    .100    .000    .000    .000    Tall Fescue
  171 TEFF  31.000    .550  27.500  10.000   8.000    .700  15.010  60.950    .500    .500   2.000  0.0070    .850   5.000   1.000   1.700 660.357  0.0199  0.0032  0.0039    .050    .600   3.662  92.830  75.000    .130  0.0400  0.0164  0.0128  0.0060  0.0022  0.0018  0.0270  0.0180  0.0130  0.6570  0.6570  0.3200   4.000   5.150  15.950   9.000    .500   4.750    .400    .200 100.000   3.200  10.900    .200   4.800    .010    .100    .000    .000    .000    Teff Grass
  172 TOMT  30.000    .330  27.000  10.000   3.000    .950  15.050  50.950    .100    .100   2.000  0.0070    .850  90.000    .800   1.500 660.410  0.0235  0.0038  0.0342    .170    .600 1433.00 120.000   5.000    .940  0.0663  0.0300  0.0250  0.0053  0.0035  0.0025  0.0530  0.0450  0.0400  1.1380  0.6030  0.3320   4.000   5.150  15.950   8.000    .500   4.750    .400    .200 100.000   4.400   7.900    .190   1.000    .010    .100    .000    .000    .000    Tomatillas
  173 TRIT  32.000    .450  15.000    .000   6.600    .600  15.010  50.950   1.000   1.000   2.000  0.0070    .850  90.000   1.000   2.000 660.473  0.0249  0.0033  0.0042    .210    .600    .259 146.975  20.000    .120  0.0600  0.0230  0.0134  0.0084  0.0032  0.0019  0.0230  0.0200  0.0170  3.3900  3.3900  1.6100   5.000   5.010  15.100   6.000    .500   4.750    .400    .200 100.000 125.600 250.950    .071   6.000    .010    .100    .000    .000    .000    Triticale
  174 TURN  31.000    .600  22.000   4.000   4.100    .800   5.010  50.950   1.000   1.000   3.000  0.0070    .850 200.000    .500   1.000 660.350  0.0090  0.0270  0.0260    .300    .600   1.156 110.000  35.000    .836  0.0550  0.0200  0.0120  0.0060  0.0020  0.0020  0.1000  0.0400  0.0240  1.1380  0.6030  0.3320   4.000   5.010  15.950  10.000   1.000   4.750    .400    .600    .000  40.500  90.900    .059   7.000    .010    .100    .000    .000    .000    Turnips
  175 WALN  15.000    .750  30.000  10.000   5.000    .990   5.050  40.950   1.000   1.000   5.000  0.0050    .850  80.000   6.000   3.500 660.150  0.0015  0.0003  0.0020    .050    .600   3.000    .000 100.000    .010  0.0060  0.0020  0.0015  0.0007  0.0004  0.0003  0.0060  0.0030  0.0020  3.3900  3.3900  3.3900   8.000   5.100  15.500   8.000   1.000   4.750    .400    .200 100.000 1000.95 100.050    .050   1.000    .010    .100    .000    .000    .000    Walnuts
  176 WLOV  14.000    .010  25.000  12.000   4.000    .500  10.200  20.950    .200  10.000   2.000  0.0074    .850   6.000    .300   1.400 660.230  0.0160  0.0022  0.0000    .010    .950    .310  20.000  20.000    .100  0.0200  0.0100  0.0060  0.0014  0.0010  0.0007  0.0000  0.0000  0.0000  3.3900  3.3900  3.3900   6.000   1.010   3.950   6.000   1.000   6.500    .400    .200 100.000   1.120   6.700    .000    .000    .010    .100    .000    .000    .000    Weeping Lovegrass
  177 WETF  15.000    .760  30.000  10.000   5.000    .990   5.050  40.950   1.000   1.000   5.000  0.0020    .850  80.000   6.000   3.500 660.160  0.0015  0.0003  0.0000    .010    .600   1.000 1000.00   5.000    .010  0.0060  0.0020  0.0015  0.0007  0.0004  0.0003  0.0000  0.0000  0.0000  3.3900  3.3900  3.3900   8.000   5.150  15.950   8.000   1.000   4.750    .400    .200 100.000 1000.95 100.050    .050   1.000    .010    .100    .000    .000    .000    Wetlands-Forested
  178 WETN  47.000    .900  25.000  12.000   6.000    .800  10.200  20.950   1.000   1.000   4.000  0.0055    .850   5.000   2.500   2.200 660.540  0.0160  0.0022  0.0000    .900    .600   1.000 120.000   5.000    .100  0.0350  0.0150  0.0038  0.0014  0.0010  0.0007  0.0000  0.0000  0.0000  3.3900  3.3900  3.3900   6.000   5.010  15.950   8.500    .500   4.750    .400    .200 100.000  22.500  40.710    .090   2.000    .010    .100    .000    .000    .000    Wetlands-Non-Forested
  179 WILL  30.000    .760  30.000  10.000   5.000    .990   5.050  40.950   1.000   1.000   5.000  0.0036    .850  80.000   7.500   3.500 660.310  0.0015  0.0003  0.0000    .010    .600   1.000 1000.00   5.000    .010  0.0060  0.0020  0.0015  0.0007  0.0004  0.0003  0.0000  0.0000  0.0000  3.3900  3.3900  3.3900   8.000   5.150  15.950   8.000   1.000   4.750    .400    .200 100.000 1000.95 100.050    .050   1.000    .010    .100    .000    .000    .000    Willow
