   1   2   3   4   5   6   9  10  11  12  13  14  15  16  18  24  25  26  27  29
  30  31  36  37  41  42  43  44  45  46  47  48  50  51  52  53  54  55  56  57
  59  60  64  65  66  67  71  72  73  74  75  76  77  78  81  83  84  85  86  88
  93  94  96  98  99 102 103 104 105 106 107 108 110 117 125 126 127 128 134                             
                                                                                
  38  39  40  49                                                                
   1   2   3   4   5   6   7   8   9  10  11  12  13  14  15  16  17            
 117  27  38  37  47  80  84  49  48 142 143  13  10  37  48  38  49  88 108  76
  77  72  15  83  17  13  27  47 142 143                    
   4   5   6  18  10  11 120  16  71  13  15  72 117  14   1   2  59   3  27  31
  53  54  55  56  57  43  42  37 119  38  49 118  39  80                        
   0   0   0   0   0   0   0   0   0   0   0   0   0   0   1   1   1   0   0   0 
   0   0   0   1   0   0   0   0   0   0   0   0   0   0   1   0   0   0                    
                                       0                                        

